Maximum,193.2,@,No.1138,,,,,,
Minimum,-0.1,@,No.13,,,,,,
Average,50.96,,,,,,,,
Data Quantity,2216,,,,,,,,
Number of NG,0,,,,,,,,
No.,Force,Unit,Displacement,Unit,Judge,Position,Time,Date,
1,0.0,gf,0.000,mm,OK,--,10:01:07 AM,9/21/2024,
2,0.0,gf,0.000,mm,OK,--,10:01:07 AM,9/21/2024,
3,0.0,gf,0.000,mm,OK,--,10:01:07 AM,9/21/2024,
4,0.0,gf,0.000,mm,OK,--,10:01:07 AM,9/21/2024,
5,0.0,gf,0.000,mm,OK,--,10:01:07 AM,9/21/2024,
6,0.0,gf,0.000,mm,OK,--,10:01:08 AM,9/21/2024,
7,0.0,gf,0.000,mm,OK,--,10:01:08 AM,9/21/2024,
8,0.0,gf,0.000,mm,OK,--,10:01:08 AM,9/21/2024,
9,0.0,gf,0.000,mm,OK,--,10:01:08 AM,9/21/2024,
10,0.0,gf,0.000,mm,OK,--,10:01:08 AM,9/21/2024,
11,0.0,gf,0.000,mm,OK,--,10:01:08 AM,9/21/2024,
12,0.0,gf,0.000,mm,OK,--,10:01:08 AM,9/21/2024,
13,-0.1,gf,0.000,mm,OK,--,10:01:08 AM,9/21/2024,
14,0.1,gf,0.000,mm,OK,--,10:01:08 AM,9/21/2024,
15,0.0,gf,0.000,mm,OK,--,10:01:08 AM,9/21/2024,
16,0.0,gf,0.000,mm,OK,--,10:01:09 AM,9/21/2024,
17,0.0,gf,0.000,mm,OK,--,10:01:09 AM,9/21/2024,
18,0.0,gf,0.000,mm,OK,--,10:01:09 AM,9/21/2024,
19,0.0,gf,0.000,mm,OK,--,10:01:09 AM,9/21/2024,
20,0.0,gf,0.000,mm,OK,--,10:01:09 AM,9/21/2024,
21,0.0,gf,0.005,mm,OK,--,10:01:09 AM,9/21/2024,
22,0.0,gf,0.010,mm,OK,--,10:01:09 AM,9/21/2024,
23,0.0,gf,0.015,mm,OK,--,10:01:09 AM,9/21/2024,
24,0.0,gf,0.025,mm,OK,--,10:01:09 AM,9/21/2024,
25,0.0,gf,0.030,mm,OK,--,10:01:09 AM,9/21/2024,
26,0.0,gf,0.035,mm,OK,--,10:01:10 AM,9/21/2024,
27,0.0,gf,0.040,mm,OK,--,10:01:10 AM,9/21/2024,
28,0.0,gf,0.040,mm,OK,--,10:01:10 AM,9/21/2024,
29,0.0,gf,0.040,mm,OK,--,10:01:10 AM,9/21/2024,
30,0.0,gf,0.040,mm,OK,--,10:01:10 AM,9/21/2024,
31,0.0,gf,0.045,mm,OK,--,10:01:10 AM,9/21/2024,
32,0.0,gf,0.045,mm,OK,--,10:01:10 AM,9/21/2024,
33,0.0,gf,0.045,mm,OK,--,10:01:10 AM,9/21/2024,
34,0.0,gf,0.045,mm,OK,--,10:01:10 AM,9/21/2024,
35,0.0,gf,0.045,mm,OK,--,10:01:10 AM,9/21/2024,
36,0.0,gf,0.050,mm,OK,--,10:01:11 AM,9/21/2024,
37,0.0,gf,0.055,mm,OK,--,10:01:11 AM,9/21/2024,
38,-0.1,gf,0.055,mm,OK,--,10:01:11 AM,9/21/2024,
39,0.0,gf,0.060,mm,OK,--,10:01:11 AM,9/21/2024,
40,0.0,gf,0.060,mm,OK,--,10:01:11 AM,9/21/2024,
41,0.0,gf,0.060,mm,OK,--,10:01:11 AM,9/21/2024,
42,0.0,gf,0.060,mm,OK,--,10:01:11 AM,9/21/2024,
43,0.0,gf,0.065,mm,OK,--,10:01:11 AM,9/21/2024,
44,0.1,gf,0.065,mm,OK,--,10:01:11 AM,9/21/2024,
45,1.8,gf,0.065,mm,OK,--,10:01:11 AM,9/21/2024,
46,2.6,gf,0.070,mm,OK,--,10:01:12 AM,9/21/2024,
47,3.7,gf,0.070,mm,OK,--,10:01:12 AM,9/21/2024,
48,4.4,gf,0.070,mm,OK,--,10:01:12 AM,9/21/2024,
49,4.8,gf,0.070,mm,OK,--,10:01:12 AM,9/21/2024,
50,5.7,gf,0.070,mm,OK,--,10:01:12 AM,9/21/2024,
51,7.2,gf,0.070,mm,OK,--,10:01:12 AM,9/21/2024,
52,9.0,gf,0.075,mm,OK,--,10:01:12 AM,9/21/2024,
53,11.3,gf,0.075,mm,OK,--,10:01:12 AM,9/21/2024,
54,13.4,gf,0.080,mm,OK,--,10:01:12 AM,9/21/2024,
55,15.5,gf,0.080,mm,OK,--,10:01:12 AM,9/21/2024,
56,18.5,gf,0.085,mm,OK,--,10:01:13 AM,9/21/2024,
57,21.2,gf,0.085,mm,OK,--,10:01:13 AM,9/21/2024,
58,23.3,gf,0.090,mm,OK,--,10:01:13 AM,9/21/2024,
59,25.2,gf,0.090,mm,OK,--,10:01:13 AM,9/21/2024,
60,27.1,gf,0.095,mm,OK,--,10:01:13 AM,9/21/2024,
61,29.1,gf,0.095,mm,OK,--,10:01:13 AM,9/21/2024,
62,30.2,gf,0.100,mm,OK,--,10:01:13 AM,9/21/2024,
63,31.0,gf,0.100,mm,OK,--,10:01:13 AM,9/21/2024,
64,31.7,gf,0.105,mm,OK,--,10:01:13 AM,9/21/2024,
65,32.1,gf,0.105,mm,OK,--,10:01:13 AM,9/21/2024,
66,32.6,gf,0.110,mm,OK,--,10:01:14 AM,9/21/2024,
67,32.8,gf,0.110,mm,OK,--,10:01:14 AM,9/21/2024,
68,32.8,gf,0.115,mm,OK,--,10:01:14 AM,9/21/2024,
69,32.4,gf,0.115,mm,OK,--,10:01:14 AM,9/21/2024,
70,32.4,gf,0.115,mm,OK,--,10:01:14 AM,9/21/2024,
71,32.5,gf,0.120,mm,OK,--,10:01:14 AM,9/21/2024,
72,32.7,gf,0.120,mm,OK,--,10:01:14 AM,9/21/2024,
73,32.8,gf,0.125,mm,OK,--,10:01:14 AM,9/21/2024,
74,32.7,gf,0.130,mm,OK,--,10:01:14 AM,9/21/2024,
75,32.5,gf,0.135,mm,OK,--,10:01:14 AM,9/21/2024,
76,32.6,gf,0.135,mm,OK,--,10:01:15 AM,9/21/2024,
77,32.6,gf,0.140,mm,OK,--,10:01:15 AM,9/21/2024,
78,32.7,gf,0.140,mm,OK,--,10:01:15 AM,9/21/2024,
79,32.6,gf,0.140,mm,OK,--,10:01:15 AM,9/21/2024,
80,32.8,gf,0.145,mm,OK,--,10:01:15 AM,9/21/2024,
81,32.8,gf,0.145,mm,OK,--,10:01:15 AM,9/21/2024,
82,32.7,gf,0.150,mm,OK,--,10:01:15 AM,9/21/2024,
83,32.5,gf,0.155,mm,OK,--,10:01:15 AM,9/21/2024,
84,32.4,gf,0.160,mm,OK,--,10:01:15 AM,9/21/2024,
85,32.5,gf,0.160,mm,OK,--,10:01:15 AM,9/21/2024,
86,32.4,gf,0.165,mm,OK,--,10:01:16 AM,9/21/2024,
87,32.3,gf,0.170,mm,OK,--,10:01:16 AM,9/21/2024,
88,32.2,gf,0.175,mm,OK,--,10:01:16 AM,9/21/2024,
89,32.3,gf,0.175,mm,OK,--,10:01:16 AM,9/21/2024,
90,32.4,gf,0.180,mm,OK,--,10:01:16 AM,9/21/2024,
91,32.2,gf,0.185,mm,OK,--,10:01:16 AM,9/21/2024,
92,32.1,gf,0.190,mm,OK,--,10:01:16 AM,9/21/2024,
93,32.1,gf,0.190,mm,OK,--,10:01:16 AM,9/21/2024,
94,32.0,gf,0.195,mm,OK,--,10:01:16 AM,9/21/2024,
95,31.9,gf,0.200,mm,OK,--,10:01:16 AM,9/21/2024,
96,32.0,gf,0.205,mm,OK,--,10:01:17 AM,9/21/2024,
97,31.8,gf,0.210,mm,OK,--,10:01:17 AM,9/21/2024,
98,31.8,gf,0.210,mm,OK,--,10:01:17 AM,9/21/2024,
99,31.9,gf,0.210,mm,OK,--,10:01:17 AM,9/21/2024,
100,32.0,gf,0.215,mm,OK,--,10:01:17 AM,9/21/2024,
101,32.0,gf,0.215,mm,OK,--,10:01:17 AM,9/21/2024,
102,31.8,gf,0.220,mm,OK,--,10:01:17 AM,9/21/2024,
103,31.9,gf,0.220,mm,OK,--,10:01:17 AM,9/21/2024,
104,32.0,gf,0.225,mm,OK,--,10:01:17 AM,9/21/2024,
105,31.9,gf,0.230,mm,OK,--,10:01:17 AM,9/21/2024,
106,31.7,gf,0.235,mm,OK,--,10:01:18 AM,9/21/2024,
107,31.7,gf,0.235,mm,OK,--,10:01:18 AM,9/21/2024,
108,31.8,gf,0.240,mm,OK,--,10:01:18 AM,9/21/2024,
109,31.8,gf,0.240,mm,OK,--,10:01:18 AM,9/21/2024,
110,31.8,gf,0.245,mm,OK,--,10:01:18 AM,9/21/2024,
111,31.6,gf,0.250,mm,OK,--,10:01:18 AM,9/21/2024,
112,31.6,gf,0.250,mm,OK,--,10:01:18 AM,9/21/2024,
113,31.7,gf,0.250,mm,OK,--,10:01:18 AM,9/21/2024,
114,31.7,gf,0.255,mm,OK,--,10:01:18 AM,9/21/2024,
115,31.7,gf,0.255,mm,OK,--,10:01:18 AM,9/21/2024,
116,31.7,gf,0.260,mm,OK,--,10:01:19 AM,9/21/2024,
117,31.7,gf,0.260,mm,OK,--,10:01:19 AM,9/21/2024,
118,31.7,gf,0.260,mm,OK,--,10:01:19 AM,9/21/2024,
119,31.7,gf,0.265,mm,OK,--,10:01:19 AM,9/21/2024,
120,31.8,gf,0.265,mm,OK,--,10:01:19 AM,9/21/2024,
121,31.9,gf,0.265,mm,OK,--,10:01:19 AM,9/21/2024,
122,31.8,gf,0.270,mm,OK,--,10:01:19 AM,9/21/2024,
123,31.8,gf,0.270,mm,OK,--,10:01:19 AM,9/21/2024,
124,31.8,gf,0.270,mm,OK,--,10:01:19 AM,9/21/2024,
125,31.8,gf,0.275,mm,OK,--,10:01:19 AM,9/21/2024,
126,31.8,gf,0.275,mm,OK,--,10:01:20 AM,9/21/2024,
127,31.8,gf,0.280,mm,OK,--,10:01:20 AM,9/21/2024,
128,31.7,gf,0.280,mm,OK,--,10:01:20 AM,9/21/2024,
129,31.8,gf,0.280,mm,OK,--,10:01:20 AM,9/21/2024,
130,31.9,gf,0.285,mm,OK,--,10:01:20 AM,9/21/2024,
131,31.8,gf,0.285,mm,OK,--,10:01:20 AM,9/21/2024,
132,31.9,gf,0.285,mm,OK,--,10:01:20 AM,9/21/2024,
133,31.9,gf,0.290,mm,OK,--,10:01:20 AM,9/21/2024,
134,31.8,gf,0.290,mm,OK,--,10:01:20 AM,9/21/2024,
135,31.8,gf,0.290,mm,OK,--,10:01:20 AM,9/21/2024,
136,31.9,gf,0.295,mm,OK,--,10:01:21 AM,9/21/2024,
137,31.9,gf,0.295,mm,OK,--,10:01:21 AM,9/21/2024,
138,31.8,gf,0.300,mm,OK,--,10:01:21 AM,9/21/2024,
139,31.8,gf,0.300,mm,OK,--,10:01:21 AM,9/21/2024,
140,31.9,gf,0.305,mm,OK,--,10:01:21 AM,9/21/2024,
141,31.8,gf,0.305,mm,OK,--,10:01:21 AM,9/21/2024,
142,31.8,gf,0.310,mm,OK,--,10:01:21 AM,9/21/2024,
143,31.8,gf,0.310,mm,OK,--,10:01:21 AM,9/21/2024,
144,31.9,gf,0.310,mm,OK,--,10:01:21 AM,9/21/2024,
145,31.9,gf,0.315,mm,OK,--,10:01:21 AM,9/21/2024,
146,31.9,gf,0.315,mm,OK,--,10:01:22 AM,9/21/2024,
147,31.9,gf,0.320,mm,OK,--,10:01:22 AM,9/21/2024,
148,31.9,gf,0.320,mm,OK,--,10:01:22 AM,9/21/2024,
149,31.9,gf,0.320,mm,OK,--,10:01:22 AM,9/21/2024,
150,31.9,gf,0.325,mm,OK,--,10:01:22 AM,9/21/2024,
151,31.9,gf,0.325,mm,OK,--,10:01:22 AM,9/21/2024,
152,31.9,gf,0.325,mm,OK,--,10:01:22 AM,9/21/2024,
153,31.9,gf,0.330,mm,OK,--,10:01:22 AM,9/21/2024,
154,31.8,gf,0.330,mm,OK,--,10:01:22 AM,9/21/2024,
155,31.7,gf,0.330,mm,OK,--,10:01:22 AM,9/21/2024,
156,31.6,gf,0.330,mm,OK,--,10:01:23 AM,9/21/2024,
157,31.5,gf,0.330,mm,OK,--,10:01:23 AM,9/21/2024,
158,31.5,gf,0.330,mm,OK,--,10:01:23 AM,9/21/2024,
159,31.7,gf,0.330,mm,OK,--,10:01:23 AM,9/21/2024,
160,31.8,gf,0.335,mm,OK,--,10:01:23 AM,9/21/2024,
161,32.0,gf,0.335,mm,OK,--,10:01:23 AM,9/21/2024,
162,32.1,gf,0.335,mm,OK,--,10:01:23 AM,9/21/2024,
163,32.0,gf,0.335,mm,OK,--,10:01:23 AM,9/21/2024,
164,32.0,gf,0.340,mm,OK,--,10:01:23 AM,9/21/2024,
165,31.9,gf,0.340,mm,OK,--,10:01:23 AM,9/21/2024,
166,31.9,gf,0.340,mm,OK,--,10:01:24 AM,9/21/2024,
167,31.9,gf,0.340,mm,OK,--,10:01:24 AM,9/21/2024,
168,31.8,gf,0.345,mm,OK,--,10:01:24 AM,9/21/2024,
169,31.9,gf,0.345,mm,OK,--,10:01:24 AM,9/21/2024,
170,31.9,gf,0.345,mm,OK,--,10:01:24 AM,9/21/2024,
171,31.9,gf,0.345,mm,OK,--,10:01:24 AM,9/21/2024,
172,31.8,gf,0.345,mm,OK,--,10:01:24 AM,9/21/2024,
173,32.0,gf,0.345,mm,OK,--,10:01:24 AM,9/21/2024,
174,32.1,gf,0.350,mm,OK,--,10:01:24 AM,9/21/2024,
175,32.0,gf,0.350,mm,OK,--,10:01:24 AM,9/21/2024,
176,31.9,gf,0.350,mm,OK,--,10:01:25 AM,9/21/2024,
177,32.0,gf,0.350,mm,OK,--,10:01:25 AM,9/21/2024,
178,32.1,gf,0.350,mm,OK,--,10:01:25 AM,9/21/2024,
179,32.0,gf,0.350,mm,OK,--,10:01:25 AM,9/21/2024,
180,32.0,gf,0.355,mm,OK,--,10:01:25 AM,9/21/2024,
181,32.1,gf,0.355,mm,OK,--,10:01:25 AM,9/21/2024,
182,32.2,gf,0.355,mm,OK,--,10:01:25 AM,9/21/2024,
183,32.1,gf,0.360,mm,OK,--,10:01:25 AM,9/21/2024,
184,32.1,gf,0.360,mm,OK,--,10:01:25 AM,9/21/2024,
185,32.0,gf,0.365,mm,OK,--,10:01:25 AM,9/21/2024,
186,32.0,gf,0.365,mm,OK,--,10:01:26 AM,9/21/2024,
187,32.0,gf,0.370,mm,OK,--,10:01:26 AM,9/21/2024,
188,32.0,gf,0.370,mm,OK,--,10:01:26 AM,9/21/2024,
189,32.2,gf,0.375,mm,OK,--,10:01:26 AM,9/21/2024,
190,32.2,gf,0.375,mm,OK,--,10:01:26 AM,9/21/2024,
191,32.2,gf,0.380,mm,OK,--,10:01:26 AM,9/21/2024,
192,32.3,gf,0.385,mm,OK,--,10:01:26 AM,9/21/2024,
193,32.3,gf,0.390,mm,OK,--,10:01:26 AM,9/21/2024,
194,32.3,gf,0.395,mm,OK,--,10:01:26 AM,9/21/2024,
195,32.1,gf,0.400,mm,OK,--,10:01:26 AM,9/21/2024,
196,32.2,gf,0.405,mm,OK,--,10:01:27 AM,9/21/2024,
197,32.1,gf,0.410,mm,OK,--,10:01:27 AM,9/21/2024,
198,32.1,gf,0.410,mm,OK,--,10:01:27 AM,9/21/2024,
199,32.1,gf,0.415,mm,OK,--,10:01:27 AM,9/21/2024,
200,32.2,gf,0.420,mm,OK,--,10:01:27 AM,9/21/2024,
201,32.1,gf,0.425,mm,OK,--,10:01:27 AM,9/21/2024,
202,32.2,gf,0.425,mm,OK,--,10:01:27 AM,9/21/2024,
203,32.0,gf,0.430,mm,OK,--,10:01:27 AM,9/21/2024,
204,32.0,gf,0.435,mm,OK,--,10:01:27 AM,9/21/2024,
205,32.0,gf,0.435,mm,OK,--,10:01:27 AM,9/21/2024,
206,32.1,gf,0.440,mm,OK,--,10:01:28 AM,9/21/2024,
207,32.2,gf,0.445,mm,OK,--,10:01:28 AM,9/21/2024,
208,32.3,gf,0.450,mm,OK,--,10:01:28 AM,9/21/2024,
209,32.0,gf,0.455,mm,OK,--,10:01:28 AM,9/21/2024,
210,32.0,gf,0.460,mm,OK,--,10:01:28 AM,9/21/2024,
211,32.1,gf,0.465,mm,OK,--,10:01:28 AM,9/21/2024,
212,32.1,gf,0.470,mm,OK,--,10:01:28 AM,9/21/2024,
213,32.2,gf,0.475,mm,OK,--,10:01:28 AM,9/21/2024,
214,32.1,gf,0.480,mm,OK,--,10:01:28 AM,9/21/2024,
215,32.2,gf,0.485,mm,OK,--,10:01:28 AM,9/21/2024,
216,32.3,gf,0.490,mm,OK,--,10:01:29 AM,9/21/2024,
217,32.3,gf,0.495,mm,OK,--,10:01:29 AM,9/21/2024,
218,32.3,gf,0.495,mm,OK,--,10:01:29 AM,9/21/2024,
219,32.3,gf,0.500,mm,OK,--,10:01:29 AM,9/21/2024,
220,32.4,gf,0.505,mm,OK,--,10:01:29 AM,9/21/2024,
221,32.4,gf,0.510,mm,OK,--,10:01:29 AM,9/21/2024,
222,32.4,gf,0.515,mm,OK,--,10:01:29 AM,9/21/2024,
223,32.5,gf,0.520,mm,OK,--,10:01:29 AM,9/21/2024,
224,32.6,gf,0.525,mm,OK,--,10:01:29 AM,9/21/2024,
225,32.6,gf,0.530,mm,OK,--,10:01:29 AM,9/21/2024,
226,32.5,gf,0.535,mm,OK,--,10:01:30 AM,9/21/2024,
227,32.5,gf,0.535,mm,OK,--,10:01:30 AM,9/21/2024,
228,32.6,gf,0.540,mm,OK,--,10:01:30 AM,9/21/2024,
229,32.5,gf,0.545,mm,OK,--,10:01:30 AM,9/21/2024,
230,32.5,gf,0.545,mm,OK,--,10:01:30 AM,9/21/2024,
231,32.6,gf,0.550,mm,OK,--,10:01:30 AM,9/21/2024,
232,32.6,gf,0.550,mm,OK,--,10:01:30 AM,9/21/2024,
233,32.7,gf,0.555,mm,OK,--,10:01:30 AM,9/21/2024,
234,32.7,gf,0.560,mm,OK,--,10:01:30 AM,9/21/2024,
235,32.8,gf,0.560,mm,OK,--,10:01:30 AM,9/21/2024,
236,32.8,gf,0.565,mm,OK,--,10:01:31 AM,9/21/2024,
237,32.8,gf,0.565,mm,OK,--,10:01:31 AM,9/21/2024,
238,32.9,gf,0.570,mm,OK,--,10:01:31 AM,9/21/2024,
239,32.9,gf,0.575,mm,OK,--,10:01:31 AM,9/21/2024,
240,32.9,gf,0.575,mm,OK,--,10:01:31 AM,9/21/2024,
241,32.7,gf,0.580,mm,OK,--,10:01:31 AM,9/21/2024,
242,32.8,gf,0.585,mm,OK,--,10:01:31 AM,9/21/2024,
243,32.7,gf,0.590,mm,OK,--,10:01:31 AM,9/21/2024,
244,32.6,gf,0.590,mm,OK,--,10:01:31 AM,9/21/2024,
245,32.7,gf,0.595,mm,OK,--,10:01:31 AM,9/21/2024,
246,32.7,gf,0.600,mm,OK,--,10:01:32 AM,9/21/2024,
247,32.7,gf,0.605,mm,OK,--,10:01:32 AM,9/21/2024,
248,32.7,gf,0.605,mm,OK,--,10:01:32 AM,9/21/2024,
249,32.8,gf,0.610,mm,OK,--,10:01:32 AM,9/21/2024,
250,32.8,gf,0.620,mm,OK,--,10:01:32 AM,9/21/2024,
251,32.8,gf,0.625,mm,OK,--,10:01:32 AM,9/21/2024,
252,33.0,gf,0.635,mm,OK,--,10:01:32 AM,9/21/2024,
253,33.0,gf,0.640,mm,OK,--,10:01:32 AM,9/21/2024,
254,33.0,gf,0.645,mm,OK,--,10:01:32 AM,9/21/2024,
255,33.0,gf,0.655,mm,OK,--,10:01:32 AM,9/21/2024,
256,33.1,gf,0.660,mm,OK,--,10:01:33 AM,9/21/2024,
257,33.1,gf,0.665,mm,OK,--,10:01:33 AM,9/21/2024,
258,33.2,gf,0.675,mm,OK,--,10:01:33 AM,9/21/2024,
259,33.3,gf,0.685,mm,OK,--,10:01:33 AM,9/21/2024,
260,33.1,gf,0.690,mm,OK,--,10:01:33 AM,9/21/2024,
261,33.0,gf,0.700,mm,OK,--,10:01:33 AM,9/21/2024,
262,33.0,gf,0.705,mm,OK,--,10:01:33 AM,9/21/2024,
263,33.1,gf,0.710,mm,OK,--,10:01:33 AM,9/21/2024,
264,33.1,gf,0.715,mm,OK,--,10:01:33 AM,9/21/2024,
265,33.1,gf,0.720,mm,OK,--,10:01:33 AM,9/21/2024,
266,33.1,gf,0.725,mm,OK,--,10:01:34 AM,9/21/2024,
267,33.1,gf,0.730,mm,OK,--,10:01:34 AM,9/21/2024,
268,33.2,gf,0.735,mm,OK,--,10:01:34 AM,9/21/2024,
269,33.2,gf,0.735,mm,OK,--,10:01:34 AM,9/21/2024,
270,33.2,gf,0.740,mm,OK,--,10:01:34 AM,9/21/2024,
271,33.2,gf,0.745,mm,OK,--,10:01:34 AM,9/21/2024,
272,33.4,gf,0.745,mm,OK,--,10:01:34 AM,9/21/2024,
273,33.3,gf,0.750,mm,OK,--,10:01:34 AM,9/21/2024,
274,33.3,gf,0.750,mm,OK,--,10:01:34 AM,9/21/2024,
275,33.3,gf,0.755,mm,OK,--,10:01:34 AM,9/21/2024,
276,33.3,gf,0.755,mm,OK,--,10:01:35 AM,9/21/2024,
277,33.3,gf,0.755,mm,OK,--,10:01:35 AM,9/21/2024,
278,33.3,gf,0.760,mm,OK,--,10:01:35 AM,9/21/2024,
279,33.5,gf,0.765,mm,OK,--,10:01:35 AM,9/21/2024,
280,33.4,gf,0.765,mm,OK,--,10:01:35 AM,9/21/2024,
281,33.4,gf,0.770,mm,OK,--,10:01:35 AM,9/21/2024,
282,33.4,gf,0.770,mm,OK,--,10:01:35 AM,9/21/2024,
283,33.5,gf,0.775,mm,OK,--,10:01:35 AM,9/21/2024,
284,33.4,gf,0.780,mm,OK,--,10:01:35 AM,9/21/2024,
285,33.4,gf,0.780,mm,OK,--,10:01:35 AM,9/21/2024,
286,33.4,gf,0.785,mm,OK,--,10:01:36 AM,9/21/2024,
287,33.3,gf,0.785,mm,OK,--,10:01:36 AM,9/21/2024,
288,33.5,gf,0.790,mm,OK,--,10:01:36 AM,9/21/2024,
289,33.4,gf,0.795,mm,OK,--,10:01:36 AM,9/21/2024,
290,33.4,gf,0.795,mm,OK,--,10:01:36 AM,9/21/2024,
291,33.5,gf,0.800,mm,OK,--,10:01:36 AM,9/21/2024,
292,33.5,gf,0.800,mm,OK,--,10:01:36 AM,9/21/2024,
293,33.5,gf,0.805,mm,OK,--,10:01:36 AM,9/21/2024,
294,33.5,gf,0.805,mm,OK,--,10:01:36 AM,9/21/2024,
295,33.5,gf,0.810,mm,OK,--,10:01:36 AM,9/21/2024,
296,33.5,gf,0.810,mm,OK,--,10:01:37 AM,9/21/2024,
297,33.5,gf,0.815,mm,OK,--,10:01:37 AM,9/21/2024,
298,33.5,gf,0.815,mm,OK,--,10:01:37 AM,9/21/2024,
299,33.5,gf,0.820,mm,OK,--,10:01:37 AM,9/21/2024,
300,33.6,gf,0.820,mm,OK,--,10:01:37 AM,9/21/2024,
301,33.6,gf,0.825,mm,OK,--,10:01:37 AM,9/21/2024,
302,33.6,gf,0.830,mm,OK,--,10:01:37 AM,9/21/2024,
303,33.7,gf,0.830,mm,OK,--,10:01:37 AM,9/21/2024,
304,33.6,gf,0.835,mm,OK,--,10:01:37 AM,9/21/2024,
305,33.6,gf,0.840,mm,OK,--,10:01:37 AM,9/21/2024,
306,33.6,gf,0.845,mm,OK,--,10:01:38 AM,9/21/2024,
307,33.6,gf,0.850,mm,OK,--,10:01:38 AM,9/21/2024,
308,33.6,gf,0.855,mm,OK,--,10:01:38 AM,9/21/2024,
309,33.6,gf,0.860,mm,OK,--,10:01:38 AM,9/21/2024,
310,33.6,gf,0.865,mm,OK,--,10:01:38 AM,9/21/2024,
311,33.5,gf,0.870,mm,OK,--,10:01:38 AM,9/21/2024,
312,33.5,gf,0.870,mm,OK,--,10:01:38 AM,9/21/2024,
313,33.7,gf,0.880,mm,OK,--,10:01:38 AM,9/21/2024,
314,33.7,gf,0.885,mm,OK,--,10:01:38 AM,9/21/2024,
315,33.7,gf,0.890,mm,OK,--,10:01:38 AM,9/21/2024,
316,33.7,gf,0.890,mm,OK,--,10:01:39 AM,9/21/2024,
317,33.7,gf,0.895,mm,OK,--,10:01:39 AM,9/21/2024,
318,33.7,gf,0.900,mm,OK,--,10:01:39 AM,9/21/2024,
319,33.8,gf,0.905,mm,OK,--,10:01:39 AM,9/21/2024,
320,33.9,gf,0.910,mm,OK,--,10:01:39 AM,9/21/2024,
321,33.8,gf,0.915,mm,OK,--,10:01:39 AM,9/21/2024,
322,33.9,gf,0.920,mm,OK,--,10:01:39 AM,9/21/2024,
323,33.9,gf,0.925,mm,OK,--,10:01:39 AM,9/21/2024,
324,33.9,gf,0.930,mm,OK,--,10:01:39 AM,9/21/2024,
325,33.9,gf,0.940,mm,OK,--,10:01:39 AM,9/21/2024,
326,33.9,gf,0.945,mm,OK,--,10:01:40 AM,9/21/2024,
327,33.9,gf,0.950,mm,OK,--,10:01:40 AM,9/21/2024,
328,33.8,gf,0.955,mm,OK,--,10:01:40 AM,9/21/2024,
329,33.8,gf,0.955,mm,OK,--,10:01:40 AM,9/21/2024,
330,33.9,gf,0.960,mm,OK,--,10:01:40 AM,9/21/2024,
331,34.0,gf,0.965,mm,OK,--,10:01:40 AM,9/21/2024,
332,33.9,gf,0.970,mm,OK,--,10:01:40 AM,9/21/2024,
333,33.9,gf,0.970,mm,OK,--,10:01:40 AM,9/21/2024,
334,33.9,gf,0.975,mm,OK,--,10:01:40 AM,9/21/2024,
335,34.0,gf,0.980,mm,OK,--,10:01:40 AM,9/21/2024,
336,34.0,gf,0.985,mm,OK,--,10:01:41 AM,9/21/2024,
337,34.0,gf,0.990,mm,OK,--,10:01:41 AM,9/21/2024,
338,34.0,gf,0.990,mm,OK,--,10:01:41 AM,9/21/2024,
339,34.1,gf,0.995,mm,OK,--,10:01:41 AM,9/21/2024,
340,34.1,gf,1.000,mm,OK,--,10:01:41 AM,9/21/2024,
341,34.1,gf,1.010,mm,OK,--,10:01:41 AM,9/21/2024,
342,34.1,gf,1.015,mm,OK,--,10:01:41 AM,9/21/2024,
343,34.1,gf,1.020,mm,OK,--,10:01:41 AM,9/21/2024,
344,34.0,gf,1.025,mm,OK,--,10:01:41 AM,9/21/2024,
345,34.0,gf,1.030,mm,OK,--,10:01:41 AM,9/21/2024,
346,34.2,gf,1.030,mm,OK,--,10:01:42 AM,9/21/2024,
347,34.2,gf,1.035,mm,OK,--,10:01:42 AM,9/21/2024,
348,34.2,gf,1.040,mm,OK,--,10:01:42 AM,9/21/2024,
349,34.3,gf,1.050,mm,OK,--,10:01:42 AM,9/21/2024,
350,34.3,gf,1.055,mm,OK,--,10:01:42 AM,9/21/2024,
351,34.3,gf,1.060,mm,OK,--,10:01:42 AM,9/21/2024,
352,34.3,gf,1.070,mm,OK,--,10:01:42 AM,9/21/2024,
353,34.3,gf,1.075,mm,OK,--,10:01:42 AM,9/21/2024,
354,34.3,gf,1.080,mm,OK,--,10:01:42 AM,9/21/2024,
355,34.3,gf,1.090,mm,OK,--,10:01:42 AM,9/21/2024,
356,34.4,gf,1.095,mm,OK,--,10:01:43 AM,9/21/2024,
357,34.3,gf,1.100,mm,OK,--,10:01:43 AM,9/21/2024,
358,34.4,gf,1.100,mm,OK,--,10:01:43 AM,9/21/2024,
359,34.4,gf,1.105,mm,OK,--,10:01:43 AM,9/21/2024,
360,34.4,gf,1.110,mm,OK,--,10:01:43 AM,9/21/2024,
361,34.4,gf,1.110,mm,OK,--,10:01:43 AM,9/21/2024,
362,34.4,gf,1.115,mm,OK,--,10:01:43 AM,9/21/2024,
363,34.4,gf,1.115,mm,OK,--,10:01:43 AM,9/21/2024,
364,34.4,gf,1.120,mm,OK,--,10:01:43 AM,9/21/2024,
365,34.4,gf,1.120,mm,OK,--,10:01:43 AM,9/21/2024,
366,34.4,gf,1.120,mm,OK,--,10:01:44 AM,9/21/2024,
367,34.6,gf,1.125,mm,OK,--,10:01:44 AM,9/21/2024,
368,34.5,gf,1.125,mm,OK,--,10:01:44 AM,9/21/2024,
369,34.6,gf,1.130,mm,OK,--,10:01:44 AM,9/21/2024,
370,34.6,gf,1.130,mm,OK,--,10:01:44 AM,9/21/2024,
371,34.5,gf,1.135,mm,OK,--,10:01:44 AM,9/21/2024,
372,34.3,gf,1.135,mm,OK,--,10:01:44 AM,9/21/2024,
373,34.5,gf,1.135,mm,OK,--,10:01:44 AM,9/21/2024,
374,34.4,gf,1.140,mm,OK,--,10:01:44 AM,9/21/2024,
375,34.5,gf,1.140,mm,OK,--,10:01:44 AM,9/21/2024,
376,34.6,gf,1.140,mm,OK,--,10:01:45 AM,9/21/2024,
377,34.5,gf,1.145,mm,OK,--,10:01:45 AM,9/21/2024,
378,34.4,gf,1.145,mm,OK,--,10:01:45 AM,9/21/2024,
379,34.5,gf,1.145,mm,OK,--,10:01:45 AM,9/21/2024,
380,34.5,gf,1.145,mm,OK,--,10:01:45 AM,9/21/2024,
381,34.5,gf,1.150,mm,OK,--,10:01:45 AM,9/21/2024,
382,34.4,gf,1.150,mm,OK,--,10:01:45 AM,9/21/2024,
383,34.4,gf,1.150,mm,OK,--,10:01:45 AM,9/21/2024,
384,34.3,gf,1.155,mm,OK,--,10:01:45 AM,9/21/2024,
385,34.4,gf,1.155,mm,OK,--,10:01:45 AM,9/21/2024,
386,34.5,gf,1.155,mm,OK,--,10:01:46 AM,9/21/2024,
387,34.5,gf,1.155,mm,OK,--,10:01:46 AM,9/21/2024,
388,34.5,gf,1.160,mm,OK,--,10:01:46 AM,9/21/2024,
389,34.5,gf,1.160,mm,OK,--,10:01:46 AM,9/21/2024,
390,34.6,gf,1.160,mm,OK,--,10:01:46 AM,9/21/2024,
391,34.7,gf,1.165,mm,OK,--,10:01:46 AM,9/21/2024,
392,34.6,gf,1.165,mm,OK,--,10:01:46 AM,9/21/2024,
393,34.6,gf,1.170,mm,OK,--,10:01:46 AM,9/21/2024,
394,34.6,gf,1.175,mm,OK,--,10:01:46 AM,9/21/2024,
395,34.6,gf,1.175,mm,OK,--,10:01:46 AM,9/21/2024,
396,34.7,gf,1.180,mm,OK,--,10:01:47 AM,9/21/2024,
397,34.7,gf,1.185,mm,OK,--,10:01:47 AM,9/21/2024,
398,34.6,gf,1.190,mm,OK,--,10:01:47 AM,9/21/2024,
399,34.5,gf,1.195,mm,OK,--,10:01:47 AM,9/21/2024,
400,34.6,gf,1.195,mm,OK,--,10:01:47 AM,9/21/2024,
401,34.6,gf,1.200,mm,OK,--,10:01:47 AM,9/21/2024,
402,34.6,gf,1.200,mm,OK,--,10:01:47 AM,9/21/2024,
403,34.6,gf,1.205,mm,OK,--,10:01:47 AM,9/21/2024,
404,34.6,gf,1.205,mm,OK,--,10:01:47 AM,9/21/2024,
405,34.6,gf,1.210,mm,OK,--,10:01:47 AM,9/21/2024,
406,34.5,gf,1.210,mm,OK,--,10:01:48 AM,9/21/2024,
407,34.5,gf,1.210,mm,OK,--,10:01:48 AM,9/21/2024,
408,34.5,gf,1.215,mm,OK,--,10:01:48 AM,9/21/2024,
409,34.4,gf,1.215,mm,OK,--,10:01:48 AM,9/21/2024,
410,34.5,gf,1.215,mm,OK,--,10:01:48 AM,9/21/2024,
411,34.5,gf,1.215,mm,OK,--,10:01:48 AM,9/21/2024,
412,34.5,gf,1.215,mm,OK,--,10:01:48 AM,9/21/2024,
413,34.6,gf,1.220,mm,OK,--,10:01:48 AM,9/21/2024,
414,34.5,gf,1.220,mm,OK,--,10:01:48 AM,9/21/2024,
415,34.4,gf,1.220,mm,OK,--,10:01:48 AM,9/21/2024,
416,34.4,gf,1.220,mm,OK,--,10:01:49 AM,9/21/2024,
417,34.5,gf,1.220,mm,OK,--,10:01:49 AM,9/21/2024,
418,34.5,gf,1.220,mm,OK,--,10:01:49 AM,9/21/2024,
419,34.4,gf,1.220,mm,OK,--,10:01:49 AM,9/21/2024,
420,34.5,gf,1.220,mm,OK,--,10:01:49 AM,9/21/2024,
421,34.5,gf,1.220,mm,OK,--,10:01:49 AM,9/21/2024,
422,34.5,gf,1.220,mm,OK,--,10:01:49 AM,9/21/2024,
423,34.4,gf,1.220,mm,OK,--,10:01:49 AM,9/21/2024,
424,34.4,gf,1.220,mm,OK,--,10:01:49 AM,9/21/2024,
425,34.5,gf,1.220,mm,OK,--,10:01:49 AM,9/21/2024,
426,34.7,gf,1.225,mm,OK,--,10:01:50 AM,9/21/2024,
427,34.6,gf,1.225,mm,OK,--,10:01:50 AM,9/21/2024,
428,34.6,gf,1.225,mm,OK,--,10:01:50 AM,9/21/2024,
429,34.7,gf,1.225,mm,OK,--,10:01:50 AM,9/21/2024,
430,34.7,gf,1.225,mm,OK,--,10:01:50 AM,9/21/2024,
431,34.7,gf,1.225,mm,OK,--,10:01:50 AM,9/21/2024,
432,34.7,gf,1.225,mm,OK,--,10:01:50 AM,9/21/2024,
433,34.7,gf,1.230,mm,OK,--,10:01:50 AM,9/21/2024,
434,34.8,gf,1.230,mm,OK,--,10:01:50 AM,9/21/2024,
435,34.7,gf,1.230,mm,OK,--,10:01:50 AM,9/21/2024,
436,34.7,gf,1.235,mm,OK,--,10:01:51 AM,9/21/2024,
437,34.5,gf,1.235,mm,OK,--,10:01:51 AM,9/21/2024,
438,34.7,gf,1.235,mm,OK,--,10:01:51 AM,9/21/2024,
439,34.8,gf,1.235,mm,OK,--,10:01:51 AM,9/21/2024,
440,34.8,gf,1.240,mm,OK,--,10:01:51 AM,9/21/2024,
441,34.8,gf,1.240,mm,OK,--,10:01:51 AM,9/21/2024,
442,34.8,gf,1.245,mm,OK,--,10:01:51 AM,9/21/2024,
443,34.9,gf,1.250,mm,OK,--,10:01:51 AM,9/21/2024,
444,34.8,gf,1.255,mm,OK,--,10:01:51 AM,9/21/2024,
445,34.8,gf,1.260,mm,OK,--,10:01:51 AM,9/21/2024,
446,34.8,gf,1.270,mm,OK,--,10:01:52 AM,9/21/2024,
447,34.8,gf,1.280,mm,OK,--,10:01:52 AM,9/21/2024,
448,34.9,gf,1.285,mm,OK,--,10:01:52 AM,9/21/2024,
449,34.9,gf,1.290,mm,OK,--,10:01:52 AM,9/21/2024,
450,34.7,gf,1.295,mm,OK,--,10:01:52 AM,9/21/2024,
451,34.8,gf,1.300,mm,OK,--,10:01:52 AM,9/21/2024,
452,34.8,gf,1.305,mm,OK,--,10:01:52 AM,9/21/2024,
453,34.9,gf,1.310,mm,OK,--,10:01:52 AM,9/21/2024,
454,34.9,gf,1.315,mm,OK,--,10:01:52 AM,9/21/2024,
455,34.9,gf,1.320,mm,OK,--,10:01:52 AM,9/21/2024,
456,34.9,gf,1.325,mm,OK,--,10:01:53 AM,9/21/2024,
457,34.9,gf,1.325,mm,OK,--,10:01:53 AM,9/21/2024,
458,34.9,gf,1.330,mm,OK,--,10:01:53 AM,9/21/2024,
459,34.9,gf,1.335,mm,OK,--,10:01:53 AM,9/21/2024,
460,34.9,gf,1.335,mm,OK,--,10:01:53 AM,9/21/2024,
461,35.0,gf,1.340,mm,OK,--,10:01:53 AM,9/21/2024,
462,35.0,gf,1.345,mm,OK,--,10:01:53 AM,9/21/2024,
463,35.0,gf,1.345,mm,OK,--,10:01:53 AM,9/21/2024,
464,35.0,gf,1.350,mm,OK,--,10:01:53 AM,9/21/2024,
465,35.0,gf,1.350,mm,OK,--,10:01:53 AM,9/21/2024,
466,35.1,gf,1.355,mm,OK,--,10:01:54 AM,9/21/2024,
467,35.1,gf,1.360,mm,OK,--,10:01:54 AM,9/21/2024,
468,35.1,gf,1.360,mm,OK,--,10:01:54 AM,9/21/2024,
469,35.1,gf,1.365,mm,OK,--,10:01:54 AM,9/21/2024,
470,35.0,gf,1.365,mm,OK,--,10:01:54 AM,9/21/2024,
471,35.1,gf,1.370,mm,OK,--,10:01:54 AM,9/21/2024,
472,35.1,gf,1.370,mm,OK,--,10:01:54 AM,9/21/2024,
473,35.1,gf,1.375,mm,OK,--,10:01:54 AM,9/21/2024,
474,35.1,gf,1.375,mm,OK,--,10:01:54 AM,9/21/2024,
475,35.1,gf,1.380,mm,OK,--,10:01:54 AM,9/21/2024,
476,35.2,gf,1.380,mm,OK,--,10:01:55 AM,9/21/2024,
477,35.2,gf,1.385,mm,OK,--,10:01:55 AM,9/21/2024,
478,35.1,gf,1.390,mm,OK,--,10:01:55 AM,9/21/2024,
479,35.1,gf,1.390,mm,OK,--,10:01:55 AM,9/21/2024,
480,35.2,gf,1.395,mm,OK,--,10:01:55 AM,9/21/2024,
481,35.1,gf,1.395,mm,OK,--,10:01:55 AM,9/21/2024,
482,35.1,gf,1.400,mm,OK,--,10:01:55 AM,9/21/2024,
483,35.2,gf,1.400,mm,OK,--,10:01:55 AM,9/21/2024,
484,35.2,gf,1.405,mm,OK,--,10:01:55 AM,9/21/2024,
485,35.3,gf,1.410,mm,OK,--,10:01:55 AM,9/21/2024,
486,35.3,gf,1.415,mm,OK,--,10:01:56 AM,9/21/2024,
487,35.3,gf,1.420,mm,OK,--,10:01:56 AM,9/21/2024,
488,35.2,gf,1.425,mm,OK,--,10:01:56 AM,9/21/2024,
489,35.2,gf,1.430,mm,OK,--,10:01:56 AM,9/21/2024,
490,35.3,gf,1.440,mm,OK,--,10:01:56 AM,9/21/2024,
491,35.5,gf,1.445,mm,OK,--,10:01:56 AM,9/21/2024,
492,35.4,gf,1.450,mm,OK,--,10:01:56 AM,9/21/2024,
493,35.4,gf,1.460,mm,OK,--,10:01:56 AM,9/21/2024,
494,35.3,gf,1.465,mm,OK,--,10:01:56 AM,9/21/2024,
495,35.3,gf,1.470,mm,OK,--,10:01:56 AM,9/21/2024,
496,35.3,gf,1.480,mm,OK,--,10:01:57 AM,9/21/2024,
497,35.3,gf,1.485,mm,OK,--,10:01:57 AM,9/21/2024,
498,35.3,gf,1.490,mm,OK,--,10:01:57 AM,9/21/2024,
499,35.4,gf,1.495,mm,OK,--,10:01:57 AM,9/21/2024,
500,35.5,gf,1.505,mm,OK,--,10:01:57 AM,9/21/2024,
501,35.5,gf,1.510,mm,OK,--,10:01:57 AM,9/21/2024,
502,35.5,gf,1.515,mm,OK,--,10:01:57 AM,9/21/2024,
503,35.5,gf,1.515,mm,OK,--,10:01:57 AM,9/21/2024,
504,35.4,gf,1.520,mm,OK,--,10:01:57 AM,9/21/2024,
505,35.4,gf,1.525,mm,OK,--,10:01:57 AM,9/21/2024,
506,35.4,gf,1.530,mm,OK,--,10:01:58 AM,9/21/2024,
507,35.4,gf,1.530,mm,OK,--,10:01:58 AM,9/21/2024,
508,35.4,gf,1.535,mm,OK,--,10:01:58 AM,9/21/2024,
509,35.4,gf,1.540,mm,OK,--,10:01:58 AM,9/21/2024,
510,35.4,gf,1.540,mm,OK,--,10:01:58 AM,9/21/2024,
511,35.4,gf,1.545,mm,OK,--,10:01:58 AM,9/21/2024,
512,35.5,gf,1.550,mm,OK,--,10:01:58 AM,9/21/2024,
513,35.5,gf,1.550,mm,OK,--,10:01:58 AM,9/21/2024,
514,35.5,gf,1.555,mm,OK,--,10:01:58 AM,9/21/2024,
515,35.5,gf,1.555,mm,OK,--,10:01:58 AM,9/21/2024,
516,35.5,gf,1.560,mm,OK,--,10:01:59 AM,9/21/2024,
517,35.6,gf,1.560,mm,OK,--,10:01:59 AM,9/21/2024,
518,35.6,gf,1.565,mm,OK,--,10:01:59 AM,9/21/2024,
519,35.6,gf,1.565,mm,OK,--,10:01:59 AM,9/21/2024,
520,35.5,gf,1.570,mm,OK,--,10:01:59 AM,9/21/2024,
521,35.5,gf,1.570,mm,OK,--,10:01:59 AM,9/21/2024,
522,35.6,gf,1.575,mm,OK,--,10:01:59 AM,9/21/2024,
523,35.5,gf,1.580,mm,OK,--,10:01:59 AM,9/21/2024,
524,35.6,gf,1.580,mm,OK,--,10:01:59 AM,9/21/2024,
525,35.6,gf,1.585,mm,OK,--,10:01:59 AM,9/21/2024,
526,35.6,gf,1.585,mm,OK,--,10:02:00 AM,9/21/2024,
527,35.7,gf,1.590,mm,OK,--,10:02:00 AM,9/21/2024,
528,35.6,gf,1.590,mm,OK,--,10:02:00 AM,9/21/2024,
529,35.8,gf,1.595,mm,OK,--,10:02:00 AM,9/21/2024,
530,35.8,gf,1.595,mm,OK,--,10:02:00 AM,9/21/2024,
531,35.8,gf,1.595,mm,OK,--,10:02:00 AM,9/21/2024,
532,35.9,gf,1.600,mm,OK,--,10:02:00 AM,9/21/2024,
533,35.8,gf,1.600,mm,OK,--,10:02:00 AM,9/21/2024,
534,35.7,gf,1.605,mm,OK,--,10:02:00 AM,9/21/2024,
535,35.7,gf,1.605,mm,OK,--,10:02:00 AM,9/21/2024,
536,35.7,gf,1.605,mm,OK,--,10:02:01 AM,9/21/2024,
537,35.7,gf,1.610,mm,OK,--,10:02:01 AM,9/21/2024,
538,35.7,gf,1.610,mm,OK,--,10:02:01 AM,9/21/2024,
539,35.8,gf,1.615,mm,OK,--,10:02:01 AM,9/21/2024,
540,35.7,gf,1.615,mm,OK,--,10:02:01 AM,9/21/2024,
541,35.8,gf,1.620,mm,OK,--,10:02:01 AM,9/21/2024,
542,35.8,gf,1.620,mm,OK,--,10:02:01 AM,9/21/2024,
543,35.8,gf,1.620,mm,OK,--,10:02:01 AM,9/21/2024,
544,35.8,gf,1.625,mm,OK,--,10:02:01 AM,9/21/2024,
545,35.8,gf,1.625,mm,OK,--,10:02:01 AM,9/21/2024,
546,35.7,gf,1.630,mm,OK,--,10:02:02 AM,9/21/2024,
547,35.7,gf,1.630,mm,OK,--,10:02:02 AM,9/21/2024,
548,35.7,gf,1.630,mm,OK,--,10:02:02 AM,9/21/2024,
549,35.8,gf,1.635,mm,OK,--,10:02:02 AM,9/21/2024,
550,35.9,gf,1.635,mm,OK,--,10:02:02 AM,9/21/2024,
551,35.8,gf,1.635,mm,OK,--,10:02:02 AM,9/21/2024,
552,35.8,gf,1.640,mm,OK,--,10:02:02 AM,9/21/2024,
553,35.8,gf,1.640,mm,OK,--,10:02:02 AM,9/21/2024,
554,35.8,gf,1.645,mm,OK,--,10:02:02 AM,9/21/2024,
555,35.8,gf,1.645,mm,OK,--,10:02:02 AM,9/21/2024,
556,35.9,gf,1.645,mm,OK,--,10:02:03 AM,9/21/2024,
557,35.9,gf,1.650,mm,OK,--,10:02:03 AM,9/21/2024,
558,35.9,gf,1.650,mm,OK,--,10:02:03 AM,9/21/2024,
559,35.9,gf,1.655,mm,OK,--,10:02:03 AM,9/21/2024,
560,35.9,gf,1.660,mm,OK,--,10:02:03 AM,9/21/2024,
561,35.9,gf,1.660,mm,OK,--,10:02:03 AM,9/21/2024,
562,35.9,gf,1.665,mm,OK,--,10:02:03 AM,9/21/2024,
563,35.9,gf,1.665,mm,OK,--,10:02:03 AM,9/21/2024,
564,35.9,gf,1.670,mm,OK,--,10:02:03 AM,9/21/2024,
565,35.8,gf,1.670,mm,OK,--,10:02:03 AM,9/21/2024,
566,35.9,gf,1.670,mm,OK,--,10:02:04 AM,9/21/2024,
567,35.9,gf,1.675,mm,OK,--,10:02:04 AM,9/21/2024,
568,35.9,gf,1.675,mm,OK,--,10:02:04 AM,9/21/2024,
569,35.9,gf,1.680,mm,OK,--,10:02:04 AM,9/21/2024,
570,35.9,gf,1.680,mm,OK,--,10:02:04 AM,9/21/2024,
571,35.8,gf,1.685,mm,OK,--,10:02:04 AM,9/21/2024,
572,35.9,gf,1.685,mm,OK,--,10:02:04 AM,9/21/2024,
573,35.8,gf,1.690,mm,OK,--,10:02:04 AM,9/21/2024,
574,35.9,gf,1.690,mm,OK,--,10:02:04 AM,9/21/2024,
575,35.9,gf,1.695,mm,OK,--,10:02:04 AM,9/21/2024,
576,35.9,gf,1.695,mm,OK,--,10:02:05 AM,9/21/2024,
577,35.9,gf,1.700,mm,OK,--,10:02:05 AM,9/21/2024,
578,35.9,gf,1.705,mm,OK,--,10:02:05 AM,9/21/2024,
579,36.0,gf,1.710,mm,OK,--,10:02:05 AM,9/21/2024,
580,36.0,gf,1.715,mm,OK,--,10:02:05 AM,9/21/2024,
581,36.0,gf,1.720,mm,OK,--,10:02:05 AM,9/21/2024,
582,36.2,gf,1.725,mm,OK,--,10:02:05 AM,9/21/2024,
583,36.2,gf,1.725,mm,OK,--,10:02:05 AM,9/21/2024,
584,36.2,gf,1.730,mm,OK,--,10:02:05 AM,9/21/2024,
585,36.2,gf,1.735,mm,OK,--,10:02:05 AM,9/21/2024,
586,36.1,gf,1.740,mm,OK,--,10:02:06 AM,9/21/2024,
587,36.0,gf,1.745,mm,OK,--,10:02:06 AM,9/21/2024,
588,36.0,gf,1.750,mm,OK,--,10:02:06 AM,9/21/2024,
589,36.0,gf,1.750,mm,OK,--,10:02:06 AM,9/21/2024,
590,36.0,gf,1.755,mm,OK,--,10:02:06 AM,9/21/2024,
591,36.1,gf,1.760,mm,OK,--,10:02:06 AM,9/21/2024,
592,36.1,gf,1.760,mm,OK,--,10:02:06 AM,9/21/2024,
593,36.1,gf,1.765,mm,OK,--,10:02:06 AM,9/21/2024,
594,36.1,gf,1.765,mm,OK,--,10:02:06 AM,9/21/2024,
595,36.1,gf,1.770,mm,OK,--,10:02:06 AM,9/21/2024,
596,36.1,gf,1.770,mm,OK,--,10:02:07 AM,9/21/2024,
597,36.0,gf,1.775,mm,OK,--,10:02:07 AM,9/21/2024,
598,36.0,gf,1.780,mm,OK,--,10:02:07 AM,9/21/2024,
599,36.0,gf,1.785,mm,OK,--,10:02:07 AM,9/21/2024,
600,36.1,gf,1.785,mm,OK,--,10:02:07 AM,9/21/2024,
601,36.2,gf,1.790,mm,OK,--,10:02:07 AM,9/21/2024,
602,36.2,gf,1.795,mm,OK,--,10:02:07 AM,9/21/2024,
603,36.3,gf,1.795,mm,OK,--,10:02:07 AM,9/21/2024,
604,36.2,gf,1.800,mm,OK,--,10:02:07 AM,9/21/2024,
605,36.4,gf,1.800,mm,OK,--,10:02:07 AM,9/21/2024,
606,36.4,gf,1.805,mm,OK,--,10:02:08 AM,9/21/2024,
607,36.4,gf,1.810,mm,OK,--,10:02:08 AM,9/21/2024,
608,36.3,gf,1.810,mm,OK,--,10:02:08 AM,9/21/2024,
609,36.4,gf,1.815,mm,OK,--,10:02:08 AM,9/21/2024,
610,36.3,gf,1.815,mm,OK,--,10:02:08 AM,9/21/2024,
611,36.2,gf,1.820,mm,OK,--,10:02:08 AM,9/21/2024,
612,36.2,gf,1.825,mm,OK,--,10:02:08 AM,9/21/2024,
613,36.3,gf,1.825,mm,OK,--,10:02:08 AM,9/21/2024,
614,36.2,gf,1.830,mm,OK,--,10:02:08 AM,9/21/2024,
615,36.2,gf,1.830,mm,OK,--,10:02:08 AM,9/21/2024,
616,36.2,gf,1.835,mm,OK,--,10:02:09 AM,9/21/2024,
617,36.2,gf,1.835,mm,OK,--,10:02:09 AM,9/21/2024,
618,36.1,gf,1.840,mm,OK,--,10:02:09 AM,9/21/2024,
619,36.2,gf,1.840,mm,OK,--,10:02:09 AM,9/21/2024,
620,36.2,gf,1.845,mm,OK,--,10:02:09 AM,9/21/2024,
621,36.3,gf,1.845,mm,OK,--,10:02:09 AM,9/21/2024,
622,36.3,gf,1.850,mm,OK,--,10:02:09 AM,9/21/2024,
623,36.3,gf,1.850,mm,OK,--,10:02:09 AM,9/21/2024,
624,36.3,gf,1.855,mm,OK,--,10:02:09 AM,9/21/2024,
625,36.2,gf,1.860,mm,OK,--,10:02:09 AM,9/21/2024,
626,36.2,gf,1.860,mm,OK,--,10:02:10 AM,9/21/2024,
627,36.3,gf,1.865,mm,OK,--,10:02:10 AM,9/21/2024,
628,36.3,gf,1.870,mm,OK,--,10:02:10 AM,9/21/2024,
629,36.3,gf,1.875,mm,OK,--,10:02:10 AM,9/21/2024,
630,36.2,gf,1.875,mm,OK,--,10:02:10 AM,9/21/2024,
631,36.2,gf,1.880,mm,OK,--,10:02:10 AM,9/21/2024,
632,36.3,gf,1.880,mm,OK,--,10:02:10 AM,9/21/2024,
633,36.3,gf,1.885,mm,OK,--,10:02:10 AM,9/21/2024,
634,36.3,gf,1.885,mm,OK,--,10:02:10 AM,9/21/2024,
635,36.3,gf,1.890,mm,OK,--,10:02:10 AM,9/21/2024,
636,36.4,gf,1.895,mm,OK,--,10:02:11 AM,9/21/2024,
637,36.5,gf,1.900,mm,OK,--,10:02:11 AM,9/21/2024,
638,36.5,gf,1.905,mm,OK,--,10:02:11 AM,9/21/2024,
639,36.6,gf,1.910,mm,OK,--,10:02:11 AM,9/21/2024,
640,36.6,gf,1.915,mm,OK,--,10:02:11 AM,9/21/2024,
641,36.5,gf,1.920,mm,OK,--,10:02:11 AM,9/21/2024,
642,36.6,gf,1.925,mm,OK,--,10:02:11 AM,9/21/2024,
643,36.6,gf,1.930,mm,OK,--,10:02:11 AM,9/21/2024,
644,36.6,gf,1.935,mm,OK,--,10:02:11 AM,9/21/2024,
645,36.5,gf,1.935,mm,OK,--,10:02:11 AM,9/21/2024,
646,36.6,gf,1.940,mm,OK,--,10:02:12 AM,9/21/2024,
647,36.6,gf,1.940,mm,OK,--,10:02:12 AM,9/21/2024,
648,36.6,gf,1.945,mm,OK,--,10:02:12 AM,9/21/2024,
649,36.7,gf,1.945,mm,OK,--,10:02:12 AM,9/21/2024,
650,36.7,gf,1.950,mm,OK,--,10:02:12 AM,9/21/2024,
651,36.7,gf,1.950,mm,OK,--,10:02:12 AM,9/21/2024,
652,36.6,gf,1.955,mm,OK,--,10:02:12 AM,9/21/2024,
653,36.7,gf,1.955,mm,OK,--,10:02:12 AM,9/21/2024,
654,36.7,gf,1.960,mm,OK,--,10:02:12 AM,9/21/2024,
655,36.7,gf,1.965,mm,OK,--,10:02:12 AM,9/21/2024,
656,36.8,gf,1.970,mm,OK,--,10:02:13 AM,9/21/2024,
657,36.7,gf,1.975,mm,OK,--,10:02:13 AM,9/21/2024,
658,36.8,gf,1.980,mm,OK,--,10:02:13 AM,9/21/2024,
659,36.8,gf,1.985,mm,OK,--,10:02:13 AM,9/21/2024,
660,36.7,gf,1.990,mm,OK,--,10:02:13 AM,9/21/2024,
661,36.7,gf,1.990,mm,OK,--,10:02:13 AM,9/21/2024,
662,36.7,gf,1.995,mm,OK,--,10:02:13 AM,9/21/2024,
663,36.7,gf,2.000,mm,OK,--,10:02:13 AM,9/21/2024,
664,36.6,gf,2.005,mm,OK,--,10:02:13 AM,9/21/2024,
665,36.7,gf,2.010,mm,OK,--,10:02:13 AM,9/21/2024,
666,36.7,gf,2.015,mm,OK,--,10:02:14 AM,9/21/2024,
667,36.9,gf,2.015,mm,OK,--,10:02:14 AM,9/21/2024,
668,36.8,gf,2.015,mm,OK,--,10:02:14 AM,9/21/2024,
669,36.9,gf,2.020,mm,OK,--,10:02:14 AM,9/21/2024,
670,36.9,gf,2.020,mm,OK,--,10:02:14 AM,9/21/2024,
671,37.0,gf,2.025,mm,OK,--,10:02:14 AM,9/21/2024,
672,36.8,gf,2.025,mm,OK,--,10:02:14 AM,9/21/2024,
673,36.9,gf,2.030,mm,OK,--,10:02:14 AM,9/21/2024,
674,36.9,gf,2.030,mm,OK,--,10:02:14 AM,9/21/2024,
675,37.0,gf,2.035,mm,OK,--,10:02:14 AM,9/21/2024,
676,37.0,gf,2.035,mm,OK,--,10:02:15 AM,9/21/2024,
677,36.9,gf,2.040,mm,OK,--,10:02:15 AM,9/21/2024,
678,36.8,gf,2.045,mm,OK,--,10:02:15 AM,9/21/2024,
679,36.8,gf,2.045,mm,OK,--,10:02:15 AM,9/21/2024,
680,36.7,gf,2.045,mm,OK,--,10:02:15 AM,9/21/2024,
681,36.9,gf,2.050,mm,OK,--,10:02:15 AM,9/21/2024,
682,36.9,gf,2.050,mm,OK,--,10:02:15 AM,9/21/2024,
683,37.0,gf,2.055,mm,OK,--,10:02:15 AM,9/21/2024,
684,36.9,gf,2.060,mm,OK,--,10:02:15 AM,9/21/2024,
685,36.9,gf,2.065,mm,OK,--,10:02:15 AM,9/21/2024,
686,36.9,gf,2.065,mm,OK,--,10:02:16 AM,9/21/2024,
687,36.9,gf,2.070,mm,OK,--,10:02:16 AM,9/21/2024,
688,37.0,gf,2.075,mm,OK,--,10:02:16 AM,9/21/2024,
689,37.0,gf,2.080,mm,OK,--,10:02:16 AM,9/21/2024,
690,37.0,gf,2.090,mm,OK,--,10:02:16 AM,9/21/2024,
691,37.0,gf,2.095,mm,OK,--,10:02:16 AM,9/21/2024,
692,37.0,gf,2.100,mm,OK,--,10:02:16 AM,9/21/2024,
693,37.0,gf,2.105,mm,OK,--,10:02:16 AM,9/21/2024,
694,37.0,gf,2.110,mm,OK,--,10:02:16 AM,9/21/2024,
695,37.0,gf,2.115,mm,OK,--,10:02:16 AM,9/21/2024,
696,37.0,gf,2.115,mm,OK,--,10:02:17 AM,9/21/2024,
697,37.0,gf,2.115,mm,OK,--,10:02:17 AM,9/21/2024,
698,37.1,gf,2.120,mm,OK,--,10:02:17 AM,9/21/2024,
699,37.1,gf,2.120,mm,OK,--,10:02:17 AM,9/21/2024,
700,37.1,gf,2.125,mm,OK,--,10:02:17 AM,9/21/2024,
701,37.1,gf,2.130,mm,OK,--,10:02:17 AM,9/21/2024,
702,37.1,gf,2.130,mm,OK,--,10:02:17 AM,9/21/2024,
703,37.1,gf,2.135,mm,OK,--,10:02:17 AM,9/21/2024,
704,37.1,gf,2.140,mm,OK,--,10:02:17 AM,9/21/2024,
705,37.1,gf,2.145,mm,OK,--,10:02:17 AM,9/21/2024,
706,37.1,gf,2.150,mm,OK,--,10:02:18 AM,9/21/2024,
707,37.1,gf,2.155,mm,OK,--,10:02:18 AM,9/21/2024,
708,37.1,gf,2.165,mm,OK,--,10:02:18 AM,9/21/2024,
709,37.1,gf,2.170,mm,OK,--,10:02:18 AM,9/21/2024,
710,37.2,gf,2.180,mm,OK,--,10:02:18 AM,9/21/2024,
711,37.2,gf,2.185,mm,OK,--,10:02:18 AM,9/21/2024,
712,37.2,gf,2.195,mm,OK,--,10:02:18 AM,9/21/2024,
713,37.2,gf,2.200,mm,OK,--,10:02:18 AM,9/21/2024,
714,37.2,gf,2.210,mm,OK,--,10:02:18 AM,9/21/2024,
715,37.2,gf,2.215,mm,OK,--,10:02:18 AM,9/21/2024,
716,37.2,gf,2.215,mm,OK,--,10:02:19 AM,9/21/2024,
717,37.1,gf,2.220,mm,OK,--,10:02:19 AM,9/21/2024,
718,37.1,gf,2.225,mm,OK,--,10:02:19 AM,9/21/2024,
719,37.1,gf,2.225,mm,OK,--,10:02:19 AM,9/21/2024,
720,37.1,gf,2.230,mm,OK,--,10:02:19 AM,9/21/2024,
721,37.1,gf,2.230,mm,OK,--,10:02:19 AM,9/21/2024,
722,37.1,gf,2.235,mm,OK,--,10:02:19 AM,9/21/2024,
723,37.2,gf,2.235,mm,OK,--,10:02:19 AM,9/21/2024,
724,37.2,gf,2.240,mm,OK,--,10:02:19 AM,9/21/2024,
725,37.2,gf,2.245,mm,OK,--,10:02:19 AM,9/21/2024,
726,37.3,gf,2.250,mm,OK,--,10:02:20 AM,9/21/2024,
727,37.2,gf,2.260,mm,OK,--,10:02:20 AM,9/21/2024,
728,37.2,gf,2.265,mm,OK,--,10:02:20 AM,9/21/2024,
729,37.2,gf,2.270,mm,OK,--,10:02:20 AM,9/21/2024,
730,37.3,gf,2.275,mm,OK,--,10:02:20 AM,9/21/2024,
731,37.1,gf,2.285,mm,OK,--,10:02:20 AM,9/21/2024,
732,37.1,gf,2.290,mm,OK,--,10:02:20 AM,9/21/2024,
733,37.2,gf,2.300,mm,OK,--,10:02:20 AM,9/21/2024,
734,37.3,gf,2.305,mm,OK,--,10:02:20 AM,9/21/2024,
735,37.3,gf,2.310,mm,OK,--,10:02:20 AM,9/21/2024,
736,37.3,gf,2.315,mm,OK,--,10:02:21 AM,9/21/2024,
737,37.3,gf,2.320,mm,OK,--,10:02:21 AM,9/21/2024,
738,37.3,gf,2.325,mm,OK,--,10:02:21 AM,9/21/2024,
739,37.3,gf,2.330,mm,OK,--,10:02:21 AM,9/21/2024,
740,37.3,gf,2.335,mm,OK,--,10:02:21 AM,9/21/2024,
741,37.3,gf,2.345,mm,OK,--,10:02:21 AM,9/21/2024,
742,37.4,gf,2.350,mm,OK,--,10:02:21 AM,9/21/2024,
743,37.3,gf,2.355,mm,OK,--,10:02:21 AM,9/21/2024,
744,37.4,gf,2.365,mm,OK,--,10:02:21 AM,9/21/2024,
745,37.4,gf,2.370,mm,OK,--,10:02:21 AM,9/21/2024,
746,37.3,gf,2.375,mm,OK,--,10:02:22 AM,9/21/2024,
747,37.4,gf,2.380,mm,OK,--,10:02:22 AM,9/21/2024,
748,37.4,gf,2.385,mm,OK,--,10:02:22 AM,9/21/2024,
749,37.4,gf,2.385,mm,OK,--,10:02:22 AM,9/21/2024,
750,37.4,gf,2.390,mm,OK,--,10:02:22 AM,9/21/2024,
751,37.4,gf,2.390,mm,OK,--,10:02:22 AM,9/21/2024,
752,37.5,gf,2.395,mm,OK,--,10:02:22 AM,9/21/2024,
753,37.6,gf,2.400,mm,OK,--,10:02:22 AM,9/21/2024,
754,37.6,gf,2.405,mm,OK,--,10:02:22 AM,9/21/2024,
755,37.6,gf,2.410,mm,OK,--,10:02:22 AM,9/21/2024,
756,37.6,gf,2.410,mm,OK,--,10:02:23 AM,9/21/2024,
757,37.6,gf,2.415,mm,OK,--,10:02:23 AM,9/21/2024,
758,37.6,gf,2.420,mm,OK,--,10:02:23 AM,9/21/2024,
759,37.7,gf,2.425,mm,OK,--,10:02:23 AM,9/21/2024,
760,37.7,gf,2.430,mm,OK,--,10:02:23 AM,9/21/2024,
761,37.7,gf,2.435,mm,OK,--,10:02:23 AM,9/21/2024,
762,37.7,gf,2.435,mm,OK,--,10:02:23 AM,9/21/2024,
763,37.7,gf,2.440,mm,OK,--,10:02:23 AM,9/21/2024,
764,37.8,gf,2.450,mm,OK,--,10:02:23 AM,9/21/2024,
765,37.8,gf,2.450,mm,OK,--,10:02:23 AM,9/21/2024,
766,37.8,gf,2.460,mm,OK,--,10:02:24 AM,9/21/2024,
767,37.8,gf,2.465,mm,OK,--,10:02:24 AM,9/21/2024,
768,37.8,gf,2.470,mm,OK,--,10:02:24 AM,9/21/2024,
769,37.8,gf,2.475,mm,OK,--,10:02:24 AM,9/21/2024,
770,37.9,gf,2.485,mm,OK,--,10:02:24 AM,9/21/2024,
771,37.9,gf,2.495,mm,OK,--,10:02:24 AM,9/21/2024,
772,37.9,gf,2.500,mm,OK,--,10:02:24 AM,9/21/2024,
773,38.0,gf,2.505,mm,OK,--,10:02:24 AM,9/21/2024,
774,38.0,gf,2.505,mm,OK,--,10:02:24 AM,9/21/2024,
775,38.0,gf,2.510,mm,OK,--,10:02:24 AM,9/21/2024,
776,38.0,gf,2.515,mm,OK,--,10:02:25 AM,9/21/2024,
777,38.0,gf,2.515,mm,OK,--,10:02:25 AM,9/21/2024,
778,38.0,gf,2.520,mm,OK,--,10:02:25 AM,9/21/2024,
779,38.0,gf,2.525,mm,OK,--,10:02:25 AM,9/21/2024,
780,38.0,gf,2.525,mm,OK,--,10:02:25 AM,9/21/2024,
781,38.0,gf,2.530,mm,OK,--,10:02:25 AM,9/21/2024,
782,38.0,gf,2.530,mm,OK,--,10:02:25 AM,9/21/2024,
783,38.0,gf,2.535,mm,OK,--,10:02:25 AM,9/21/2024,
784,38.0,gf,2.540,mm,OK,--,10:02:25 AM,9/21/2024,
785,38.0,gf,2.545,mm,OK,--,10:02:25 AM,9/21/2024,
786,38.0,gf,2.550,mm,OK,--,10:02:26 AM,9/21/2024,
787,38.1,gf,2.560,mm,OK,--,10:02:26 AM,9/21/2024,
788,38.2,gf,2.575,mm,OK,--,10:02:26 AM,9/21/2024,
789,38.2,gf,2.585,mm,OK,--,10:02:26 AM,9/21/2024,
790,38.2,gf,2.600,mm,OK,--,10:02:26 AM,9/21/2024,
791,38.3,gf,2.610,mm,OK,--,10:02:26 AM,9/21/2024,
792,38.3,gf,2.625,mm,OK,--,10:02:26 AM,9/21/2024,
793,38.3,gf,2.635,mm,OK,--,10:02:26 AM,9/21/2024,
794,38.4,gf,2.650,mm,OK,--,10:02:26 AM,9/21/2024,
795,38.4,gf,2.660,mm,OK,--,10:02:26 AM,9/21/2024,
796,38.4,gf,2.670,mm,OK,--,10:02:27 AM,9/21/2024,
797,38.5,gf,2.680,mm,OK,--,10:02:27 AM,9/21/2024,
798,38.5,gf,2.685,mm,OK,--,10:02:27 AM,9/21/2024,
799,38.5,gf,2.695,mm,OK,--,10:02:27 AM,9/21/2024,
800,38.5,gf,2.700,mm,OK,--,10:02:27 AM,9/21/2024,
801,38.5,gf,2.705,mm,OK,--,10:02:27 AM,9/21/2024,
802,38.5,gf,2.705,mm,OK,--,10:02:27 AM,9/21/2024,
803,38.5,gf,2.710,mm,OK,--,10:02:27 AM,9/21/2024,
804,38.5,gf,2.715,mm,OK,--,10:02:27 AM,9/21/2024,
805,38.6,gf,2.715,mm,OK,--,10:02:27 AM,9/21/2024,
806,38.6,gf,2.720,mm,OK,--,10:02:28 AM,9/21/2024,
807,38.6,gf,2.720,mm,OK,--,10:02:28 AM,9/21/2024,
808,38.6,gf,2.725,mm,OK,--,10:02:28 AM,9/21/2024,
809,38.6,gf,2.730,mm,OK,--,10:02:28 AM,9/21/2024,
810,38.6,gf,2.730,mm,OK,--,10:02:28 AM,9/21/2024,
811,38.6,gf,2.735,mm,OK,--,10:02:28 AM,9/21/2024,
812,38.7,gf,2.740,mm,OK,--,10:02:28 AM,9/21/2024,
813,38.7,gf,2.745,mm,OK,--,10:02:28 AM,9/21/2024,
814,38.7,gf,2.745,mm,OK,--,10:02:28 AM,9/21/2024,
815,38.7,gf,2.750,mm,OK,--,10:02:28 AM,9/21/2024,
816,38.7,gf,2.755,mm,OK,--,10:02:29 AM,9/21/2024,
817,38.7,gf,2.755,mm,OK,--,10:02:29 AM,9/21/2024,
818,38.7,gf,2.760,mm,OK,--,10:02:29 AM,9/21/2024,
819,38.8,gf,2.765,mm,OK,--,10:02:29 AM,9/21/2024,
820,38.7,gf,2.775,mm,OK,--,10:02:29 AM,9/21/2024,
821,38.7,gf,2.780,mm,OK,--,10:02:29 AM,9/21/2024,
822,38.7,gf,2.785,mm,OK,--,10:02:29 AM,9/21/2024,
823,38.8,gf,2.790,mm,OK,--,10:02:29 AM,9/21/2024,
824,38.8,gf,2.795,mm,OK,--,10:02:29 AM,9/21/2024,
825,38.8,gf,2.800,mm,OK,--,10:02:29 AM,9/21/2024,
826,38.8,gf,2.800,mm,OK,--,10:02:30 AM,9/21/2024,
827,38.8,gf,2.805,mm,OK,--,10:02:30 AM,9/21/2024,
828,38.8,gf,2.810,mm,OK,--,10:02:30 AM,9/21/2024,
829,38.8,gf,2.810,mm,OK,--,10:02:30 AM,9/21/2024,
830,38.8,gf,2.815,mm,OK,--,10:02:30 AM,9/21/2024,
831,38.8,gf,2.815,mm,OK,--,10:02:30 AM,9/21/2024,
832,38.9,gf,2.820,mm,OK,--,10:02:30 AM,9/21/2024,
833,38.9,gf,2.825,mm,OK,--,10:02:30 AM,9/21/2024,
834,38.9,gf,2.825,mm,OK,--,10:02:30 AM,9/21/2024,
835,38.9,gf,2.830,mm,OK,--,10:02:30 AM,9/21/2024,
836,39.0,gf,2.830,mm,OK,--,10:02:31 AM,9/21/2024,
837,38.9,gf,2.835,mm,OK,--,10:02:31 AM,9/21/2024,
838,38.9,gf,2.840,mm,OK,--,10:02:31 AM,9/21/2024,
839,38.9,gf,2.840,mm,OK,--,10:02:31 AM,9/21/2024,
840,38.9,gf,2.845,mm,OK,--,10:02:31 AM,9/21/2024,
841,39.0,gf,2.845,mm,OK,--,10:02:31 AM,9/21/2024,
842,39.0,gf,2.850,mm,OK,--,10:02:31 AM,9/21/2024,
843,39.0,gf,2.855,mm,OK,--,10:02:31 AM,9/21/2024,
844,39.0,gf,2.855,mm,OK,--,10:02:31 AM,9/21/2024,
845,39.0,gf,2.860,mm,OK,--,10:02:31 AM,9/21/2024,
846,39.0,gf,2.865,mm,OK,--,10:02:32 AM,9/21/2024,
847,39.0,gf,2.865,mm,OK,--,10:02:32 AM,9/21/2024,
848,39.0,gf,2.870,mm,OK,--,10:02:32 AM,9/21/2024,
849,39.0,gf,2.875,mm,OK,--,10:02:32 AM,9/21/2024,
850,39.1,gf,2.875,mm,OK,--,10:02:32 AM,9/21/2024,
851,39.1,gf,2.880,mm,OK,--,10:02:32 AM,9/21/2024,
852,39.1,gf,2.885,mm,OK,--,10:02:32 AM,9/21/2024,
853,39.1,gf,2.885,mm,OK,--,10:02:32 AM,9/21/2024,
854,39.1,gf,2.885,mm,OK,--,10:02:32 AM,9/21/2024,
855,39.1,gf,2.890,mm,OK,--,10:02:32 AM,9/21/2024,
856,39.1,gf,2.895,mm,OK,--,10:02:33 AM,9/21/2024,
857,39.1,gf,2.895,mm,OK,--,10:02:33 AM,9/21/2024,
858,39.1,gf,2.900,mm,OK,--,10:02:33 AM,9/21/2024,
859,39.1,gf,2.905,mm,OK,--,10:02:33 AM,9/21/2024,
860,39.1,gf,2.905,mm,OK,--,10:02:33 AM,9/21/2024,
861,39.2,gf,2.910,mm,OK,--,10:02:33 AM,9/21/2024,
862,39.2,gf,2.910,mm,OK,--,10:02:33 AM,9/21/2024,
863,39.2,gf,2.915,mm,OK,--,10:02:33 AM,9/21/2024,
864,39.2,gf,2.915,mm,OK,--,10:02:33 AM,9/21/2024,
865,39.2,gf,2.920,mm,OK,--,10:02:33 AM,9/21/2024,
866,39.2,gf,2.920,mm,OK,--,10:02:34 AM,9/21/2024,
867,39.2,gf,2.925,mm,OK,--,10:02:34 AM,9/21/2024,
868,39.2,gf,2.930,mm,OK,--,10:02:34 AM,9/21/2024,
869,39.2,gf,2.930,mm,OK,--,10:02:34 AM,9/21/2024,
870,39.2,gf,2.935,mm,OK,--,10:02:34 AM,9/21/2024,
871,39.3,gf,2.940,mm,OK,--,10:02:34 AM,9/21/2024,
872,39.3,gf,2.940,mm,OK,--,10:02:34 AM,9/21/2024,
873,39.3,gf,2.945,mm,OK,--,10:02:34 AM,9/21/2024,
874,39.3,gf,2.945,mm,OK,--,10:02:34 AM,9/21/2024,
875,39.3,gf,2.950,mm,OK,--,10:02:34 AM,9/21/2024,
876,39.3,gf,2.950,mm,OK,--,10:02:35 AM,9/21/2024,
877,39.3,gf,2.950,mm,OK,--,10:02:35 AM,9/21/2024,
878,39.3,gf,2.955,mm,OK,--,10:02:35 AM,9/21/2024,
879,39.3,gf,2.955,mm,OK,--,10:02:35 AM,9/21/2024,
880,39.3,gf,2.960,mm,OK,--,10:02:35 AM,9/21/2024,
881,39.3,gf,2.965,mm,OK,--,10:02:35 AM,9/21/2024,
882,39.4,gf,2.970,mm,OK,--,10:02:35 AM,9/21/2024,
883,39.4,gf,2.970,mm,OK,--,10:02:35 AM,9/21/2024,
884,39.4,gf,2.975,mm,OK,--,10:02:35 AM,9/21/2024,
885,39.4,gf,2.980,mm,OK,--,10:02:35 AM,9/21/2024,
886,39.4,gf,2.985,mm,OK,--,10:02:36 AM,9/21/2024,
887,39.4,gf,2.990,mm,OK,--,10:02:36 AM,9/21/2024,
888,39.4,gf,2.995,mm,OK,--,10:02:36 AM,9/21/2024,
889,39.4,gf,3.000,mm,OK,--,10:02:36 AM,9/21/2024,
890,39.4,gf,3.005,mm,OK,--,10:02:36 AM,9/21/2024,
891,39.4,gf,3.010,mm,OK,--,10:02:36 AM,9/21/2024,
892,39.5,gf,3.015,mm,OK,--,10:02:36 AM,9/21/2024,
893,39.5,gf,3.015,mm,OK,--,10:02:36 AM,9/21/2024,
894,39.6,gf,3.020,mm,OK,--,10:02:36 AM,9/21/2024,
895,39.6,gf,3.025,mm,OK,--,10:02:36 AM,9/21/2024,
896,39.6,gf,3.030,mm,OK,--,10:02:37 AM,9/21/2024,
897,39.6,gf,3.030,mm,OK,--,10:02:37 AM,9/21/2024,
898,39.6,gf,3.035,mm,OK,--,10:02:37 AM,9/21/2024,
899,39.6,gf,3.035,mm,OK,--,10:02:37 AM,9/21/2024,
900,39.6,gf,3.040,mm,OK,--,10:02:37 AM,9/21/2024,
901,39.6,gf,3.045,mm,OK,--,10:02:37 AM,9/21/2024,
902,39.6,gf,3.050,mm,OK,--,10:02:37 AM,9/21/2024,
903,39.6,gf,3.055,mm,OK,--,10:02:37 AM,9/21/2024,
904,39.7,gf,3.055,mm,OK,--,10:02:37 AM,9/21/2024,
905,39.7,gf,3.060,mm,OK,--,10:02:37 AM,9/21/2024,
906,39.7,gf,3.065,mm,OK,--,10:02:38 AM,9/21/2024,
907,39.7,gf,3.065,mm,OK,--,10:02:38 AM,9/21/2024,
908,39.7,gf,3.070,mm,OK,--,10:02:38 AM,9/21/2024,
909,39.7,gf,3.075,mm,OK,--,10:02:38 AM,9/21/2024,
910,39.7,gf,3.075,mm,OK,--,10:02:38 AM,9/21/2024,
911,39.7,gf,3.080,mm,OK,--,10:02:38 AM,9/21/2024,
912,39.7,gf,3.085,mm,OK,--,10:02:38 AM,9/21/2024,
913,39.7,gf,3.085,mm,OK,--,10:02:38 AM,9/21/2024,
914,39.7,gf,3.085,mm,OK,--,10:02:38 AM,9/21/2024,
915,39.7,gf,3.090,mm,OK,--,10:02:38 AM,9/21/2024,
916,39.7,gf,3.090,mm,OK,--,10:02:39 AM,9/21/2024,
917,39.7,gf,3.095,mm,OK,--,10:02:39 AM,9/21/2024,
918,39.7,gf,3.095,mm,OK,--,10:02:39 AM,9/21/2024,
919,39.8,gf,3.100,mm,OK,--,10:02:39 AM,9/21/2024,
920,39.8,gf,3.105,mm,OK,--,10:02:39 AM,9/21/2024,
921,39.8,gf,3.105,mm,OK,--,10:02:39 AM,9/21/2024,
922,39.8,gf,3.110,mm,OK,--,10:02:39 AM,9/21/2024,
923,39.8,gf,3.115,mm,OK,--,10:02:39 AM,9/21/2024,
924,39.8,gf,3.115,mm,OK,--,10:02:39 AM,9/21/2024,
925,39.8,gf,3.120,mm,OK,--,10:02:39 AM,9/21/2024,
926,39.8,gf,3.120,mm,OK,--,10:02:40 AM,9/21/2024,
927,39.8,gf,3.125,mm,OK,--,10:02:40 AM,9/21/2024,
928,39.8,gf,3.130,mm,OK,--,10:02:40 AM,9/21/2024,
929,39.8,gf,3.135,mm,OK,--,10:02:40 AM,9/21/2024,
930,39.8,gf,3.135,mm,OK,--,10:02:40 AM,9/21/2024,
931,39.8,gf,3.140,mm,OK,--,10:02:40 AM,9/21/2024,
932,39.9,gf,3.145,mm,OK,--,10:02:40 AM,9/21/2024,
933,39.9,gf,3.150,mm,OK,--,10:02:40 AM,9/21/2024,
934,39.9,gf,3.155,mm,OK,--,10:02:40 AM,9/21/2024,
935,39.9,gf,3.160,mm,OK,--,10:02:40 AM,9/21/2024,
936,40.0,gf,3.170,mm,OK,--,10:02:41 AM,9/21/2024,
937,40.1,gf,3.180,mm,OK,--,10:02:41 AM,9/21/2024,
938,40.1,gf,3.195,mm,OK,--,10:02:41 AM,9/21/2024,
939,40.2,gf,3.210,mm,OK,--,10:02:41 AM,9/21/2024,
940,40.1,gf,3.220,mm,OK,--,10:02:41 AM,9/21/2024,
941,40.2,gf,3.230,mm,OK,--,10:02:41 AM,9/21/2024,
942,40.3,gf,3.235,mm,OK,--,10:02:41 AM,9/21/2024,
943,40.3,gf,3.245,mm,OK,--,10:02:41 AM,9/21/2024,
944,40.3,gf,3.255,mm,OK,--,10:02:41 AM,9/21/2024,
945,40.4,gf,3.260,mm,OK,--,10:02:41 AM,9/21/2024,
946,40.3,gf,3.265,mm,OK,--,10:02:42 AM,9/21/2024,
947,40.4,gf,3.270,mm,OK,--,10:02:42 AM,9/21/2024,
948,40.3,gf,3.270,mm,OK,--,10:02:42 AM,9/21/2024,
949,40.3,gf,3.270,mm,OK,--,10:02:42 AM,9/21/2024,
950,40.4,gf,3.270,mm,OK,--,10:02:42 AM,9/21/2024,
951,40.4,gf,3.275,mm,OK,--,10:02:42 AM,9/21/2024,
952,40.4,gf,3.275,mm,OK,--,10:02:42 AM,9/21/2024,
953,40.4,gf,3.280,mm,OK,--,10:02:42 AM,9/21/2024,
954,40.4,gf,3.285,mm,OK,--,10:02:42 AM,9/21/2024,
955,40.5,gf,3.290,mm,OK,--,10:02:42 AM,9/21/2024,
956,40.5,gf,3.295,mm,OK,--,10:02:43 AM,9/21/2024,
957,40.5,gf,3.305,mm,OK,--,10:02:43 AM,9/21/2024,
958,40.5,gf,3.310,mm,OK,--,10:02:43 AM,9/21/2024,
959,40.6,gf,3.320,mm,OK,--,10:02:43 AM,9/21/2024,
960,40.6,gf,3.330,mm,OK,--,10:02:43 AM,9/21/2024,
961,40.6,gf,3.335,mm,OK,--,10:02:43 AM,9/21/2024,
962,40.6,gf,3.340,mm,OK,--,10:02:43 AM,9/21/2024,
963,40.6,gf,3.345,mm,OK,--,10:02:43 AM,9/21/2024,
964,40.6,gf,3.350,mm,OK,--,10:02:43 AM,9/21/2024,
965,40.7,gf,3.355,mm,OK,--,10:02:43 AM,9/21/2024,
966,40.7,gf,3.360,mm,OK,--,10:02:43 AM,9/21/2024,
967,40.7,gf,3.365,mm,OK,--,10:02:44 AM,9/21/2024,
968,40.7,gf,3.370,mm,OK,--,10:02:44 AM,9/21/2024,
969,40.8,gf,3.370,mm,OK,--,10:02:44 AM,9/21/2024,
970,40.8,gf,3.375,mm,OK,--,10:02:44 AM,9/21/2024,
971,40.8,gf,3.380,mm,OK,--,10:02:44 AM,9/21/2024,
972,40.8,gf,3.385,mm,OK,--,10:02:44 AM,9/21/2024,
973,40.8,gf,3.390,mm,OK,--,10:02:44 AM,9/21/2024,
974,40.9,gf,3.395,mm,OK,--,10:02:44 AM,9/21/2024,
975,40.9,gf,3.400,mm,OK,--,10:02:44 AM,9/21/2024,
976,40.8,gf,3.405,mm,OK,--,10:02:45 AM,9/21/2024,
977,40.9,gf,3.410,mm,OK,--,10:02:45 AM,9/21/2024,
978,40.9,gf,3.415,mm,OK,--,10:02:45 AM,9/21/2024,
979,40.9,gf,3.420,mm,OK,--,10:02:45 AM,9/21/2024,
980,41.0,gf,3.425,mm,OK,--,10:02:45 AM,9/21/2024,
981,41.0,gf,3.430,mm,OK,--,10:02:45 AM,9/21/2024,
982,41.0,gf,3.435,mm,OK,--,10:02:45 AM,9/21/2024,
983,41.0,gf,3.440,mm,OK,--,10:02:45 AM,9/21/2024,
984,41.0,gf,3.440,mm,OK,--,10:02:45 AM,9/21/2024,
985,41.0,gf,3.445,mm,OK,--,10:02:45 AM,9/21/2024,
986,41.0,gf,3.445,mm,OK,--,10:02:45 AM,9/21/2024,
987,41.1,gf,3.450,mm,OK,--,10:02:46 AM,9/21/2024,
988,41.1,gf,3.450,mm,OK,--,10:02:46 AM,9/21/2024,
989,41.1,gf,3.455,mm,OK,--,10:02:46 AM,9/21/2024,
990,41.1,gf,3.460,mm,OK,--,10:02:46 AM,9/21/2024,
991,41.1,gf,3.465,mm,OK,--,10:02:46 AM,9/21/2024,
992,41.1,gf,3.470,mm,OK,--,10:02:46 AM,9/21/2024,
993,41.1,gf,3.475,mm,OK,--,10:02:46 AM,9/21/2024,
994,41.1,gf,3.475,mm,OK,--,10:02:46 AM,9/21/2024,
995,41.1,gf,3.480,mm,OK,--,10:02:46 AM,9/21/2024,
996,41.1,gf,3.485,mm,OK,--,10:02:46 AM,9/21/2024,
997,41.2,gf,3.490,mm,OK,--,10:02:47 AM,9/21/2024,
998,41.2,gf,3.495,mm,OK,--,10:02:47 AM,9/21/2024,
999,41.2,gf,3.500,mm,OK,--,10:02:47 AM,9/21/2024,
1000,41.2,gf,3.505,mm,OK,--,10:02:47 AM,9/21/2024,
1001,41.3,gf,3.505,mm,OK,--,10:02:47 AM,9/21/2024,
1002,41.3,gf,3.510,mm,OK,--,10:02:47 AM,9/21/2024,
1003,41.3,gf,3.515,mm,OK,--,10:02:47 AM,9/21/2024,
1004,41.3,gf,3.515,mm,OK,--,10:02:47 AM,9/21/2024,
1005,41.4,gf,3.525,mm,OK,--,10:02:47 AM,9/21/2024,
1006,41.3,gf,3.535,mm,OK,--,10:02:47 AM,9/21/2024,
1007,41.4,gf,3.545,mm,OK,--,10:02:48 AM,9/21/2024,
1008,41.4,gf,3.550,mm,OK,--,10:02:48 AM,9/21/2024,
1009,41.5,gf,3.565,mm,OK,--,10:02:48 AM,9/21/2024,
1010,41.5,gf,3.575,mm,OK,--,10:02:48 AM,9/21/2024,
1011,41.5,gf,3.585,mm,OK,--,10:02:48 AM,9/21/2024,
1012,41.6,gf,3.590,mm,OK,--,10:02:48 AM,9/21/2024,
1013,41.6,gf,3.595,mm,OK,--,10:02:48 AM,9/21/2024,
1014,41.6,gf,3.600,mm,OK,--,10:02:48 AM,9/21/2024,
1015,41.7,gf,3.605,mm,OK,--,10:02:48 AM,9/21/2024,
1016,41.7,gf,3.605,mm,OK,--,10:02:48 AM,9/21/2024,
1017,41.6,gf,3.610,mm,OK,--,10:02:49 AM,9/21/2024,
1018,41.6,gf,3.610,mm,OK,--,10:02:49 AM,9/21/2024,
1019,41.6,gf,3.610,mm,OK,--,10:02:49 AM,9/21/2024,
1020,41.6,gf,3.615,mm,OK,--,10:02:49 AM,9/21/2024,
1021,41.6,gf,3.615,mm,OK,--,10:02:49 AM,9/21/2024,
1022,41.6,gf,3.615,mm,OK,--,10:02:49 AM,9/21/2024,
1023,41.7,gf,3.620,mm,OK,--,10:02:49 AM,9/21/2024,
1024,41.7,gf,3.620,mm,OK,--,10:02:49 AM,9/21/2024,
1025,41.7,gf,3.625,mm,OK,--,10:02:49 AM,9/21/2024,
1026,41.7,gf,3.625,mm,OK,--,10:02:49 AM,9/21/2024,
1027,41.7,gf,3.630,mm,OK,--,10:02:50 AM,9/21/2024,
1028,41.7,gf,3.635,mm,OK,--,10:02:50 AM,9/21/2024,
1029,41.7,gf,3.635,mm,OK,--,10:02:50 AM,9/21/2024,
1030,41.8,gf,3.640,mm,OK,--,10:02:50 AM,9/21/2024,
1031,41.8,gf,3.645,mm,OK,--,10:02:50 AM,9/21/2024,
1032,41.8,gf,3.645,mm,OK,--,10:02:50 AM,9/21/2024,
1033,41.8,gf,3.650,mm,OK,--,10:02:50 AM,9/21/2024,
1034,41.8,gf,3.655,mm,OK,--,10:02:50 AM,9/21/2024,
1035,41.8,gf,3.655,mm,OK,--,10:02:50 AM,9/21/2024,
1036,41.8,gf,3.660,mm,OK,--,10:02:50 AM,9/21/2024,
1037,41.9,gf,3.660,mm,OK,--,10:02:51 AM,9/21/2024,
1038,41.9,gf,3.665,mm,OK,--,10:02:51 AM,9/21/2024,
1039,41.9,gf,3.670,mm,OK,--,10:02:51 AM,9/21/2024,
1040,41.9,gf,3.670,mm,OK,--,10:02:51 AM,9/21/2024,
1041,41.9,gf,3.675,mm,OK,--,10:02:51 AM,9/21/2024,
1042,42.1,gf,3.680,mm,OK,--,10:02:51 AM,9/21/2024,
1043,42.1,gf,3.685,mm,OK,--,10:02:51 AM,9/21/2024,
1044,42.0,gf,3.685,mm,OK,--,10:02:51 AM,9/21/2024,
1045,42.1,gf,3.690,mm,OK,--,10:02:51 AM,9/21/2024,
1046,42.2,gf,3.695,mm,OK,--,10:02:51 AM,9/21/2024,
1047,42.2,gf,3.700,mm,OK,--,10:02:52 AM,9/21/2024,
1048,42.1,gf,3.705,mm,OK,--,10:02:52 AM,9/21/2024,
1049,42.2,gf,3.710,mm,OK,--,10:02:52 AM,9/21/2024,
1050,42.2,gf,3.715,mm,OK,--,10:02:52 AM,9/21/2024,
1051,42.2,gf,3.715,mm,OK,--,10:02:52 AM,9/21/2024,
1052,42.3,gf,3.720,mm,OK,--,10:02:52 AM,9/21/2024,
1053,42.3,gf,3.725,mm,OK,--,10:02:52 AM,9/21/2024,
1054,42.3,gf,3.730,mm,OK,--,10:02:52 AM,9/21/2024,
1055,42.4,gf,3.735,mm,OK,--,10:02:52 AM,9/21/2024,
1056,42.4,gf,3.735,mm,OK,--,10:02:52 AM,9/21/2024,
1057,42.3,gf,3.740,mm,OK,--,10:02:53 AM,9/21/2024,
1058,42.3,gf,3.745,mm,OK,--,10:02:53 AM,9/21/2024,
1059,42.3,gf,3.750,mm,OK,--,10:02:53 AM,9/21/2024,
1060,42.3,gf,3.750,mm,OK,--,10:02:53 AM,9/21/2024,
1061,42.4,gf,3.755,mm,OK,--,10:02:53 AM,9/21/2024,
1062,42.4,gf,3.760,mm,OK,--,10:02:53 AM,9/21/2024,
1063,42.4,gf,3.765,mm,OK,--,10:02:53 AM,9/21/2024,
1064,42.4,gf,3.765,mm,OK,--,10:02:53 AM,9/21/2024,
1065,42.4,gf,3.770,mm,OK,--,10:02:53 AM,9/21/2024,
1066,42.6,gf,3.775,mm,OK,--,10:02:53 AM,9/21/2024,
1067,42.6,gf,3.780,mm,OK,--,10:02:54 AM,9/21/2024,
1068,44.6,gf,3.785,mm,OK,--,10:02:54 AM,9/21/2024,
1069,48.5,gf,3.790,mm,OK,--,10:02:54 AM,9/21/2024,
1070,52.2,gf,3.795,mm,OK,--,10:02:54 AM,9/21/2024,
1071,55.9,gf,3.795,mm,OK,--,10:02:54 AM,9/21/2024,
1072,59.1,gf,3.800,mm,OK,--,10:02:54 AM,9/21/2024,
1073,62.2,gf,3.805,mm,OK,--,10:02:54 AM,9/21/2024,
1074,65.8,gf,3.805,mm,OK,--,10:02:54 AM,9/21/2024,
1075,69.0,gf,3.810,mm,OK,--,10:02:54 AM,9/21/2024,
1076,72.8,gf,3.815,mm,OK,--,10:02:54 AM,9/21/2024,
1077,77.1,gf,3.820,mm,OK,--,10:02:55 AM,9/21/2024,
1078,81.1,gf,3.825,mm,OK,--,10:02:55 AM,9/21/2024,
1079,85.1,gf,3.825,mm,OK,--,10:02:55 AM,9/21/2024,
1080,88.4,gf,3.830,mm,OK,--,10:02:55 AM,9/21/2024,
1081,91.3,gf,3.835,mm,OK,--,10:02:55 AM,9/21/2024,
1082,95.6,gf,3.835,mm,OK,--,10:02:55 AM,9/21/2024,
1083,100.0,gf,3.840,mm,OK,--,10:02:55 AM,9/21/2024,
1084,104.2,gf,3.845,mm,OK,--,10:02:55 AM,9/21/2024,
1085,108.3,gf,3.850,mm,OK,--,10:02:55 AM,9/21/2024,
1086,111.7,gf,3.855,mm,OK,--,10:02:55 AM,9/21/2024,
1087,115.2,gf,3.855,mm,OK,--,10:02:56 AM,9/21/2024,
1088,119.4,gf,3.860,mm,OK,--,10:02:56 AM,9/21/2024,
1089,122.9,gf,3.865,mm,OK,--,10:02:56 AM,9/21/2024,
1090,126.3,gf,3.865,mm,OK,--,10:02:56 AM,9/21/2024,
1091,129.5,gf,3.870,mm,OK,--,10:02:56 AM,9/21/2024,
1092,132.6,gf,3.875,mm,OK,--,10:02:56 AM,9/21/2024,
1093,135.5,gf,3.875,mm,OK,--,10:02:56 AM,9/21/2024,
1094,137.7,gf,3.880,mm,OK,--,10:02:56 AM,9/21/2024,
1095,139.7,gf,3.880,mm,OK,--,10:02:56 AM,9/21/2024,
1096,141.7,gf,3.885,mm,OK,--,10:02:56 AM,9/21/2024,
1097,143.9,gf,3.885,mm,OK,--,10:02:57 AM,9/21/2024,
1098,145.8,gf,3.885,mm,OK,--,10:02:57 AM,9/21/2024,
1099,147.9,gf,3.890,mm,OK,--,10:02:57 AM,9/21/2024,
1100,150.3,gf,3.890,mm,OK,--,10:02:57 AM,9/21/2024,
1101,152.8,gf,3.895,mm,OK,--,10:02:57 AM,9/21/2024,
1102,155.3,gf,3.895,mm,OK,--,10:02:57 AM,9/21/2024,
1103,157.7,gf,3.900,mm,OK,--,10:02:57 AM,9/21/2024,
1104,159.5,gf,3.900,mm,OK,--,10:02:57 AM,9/21/2024,
1105,161.1,gf,3.905,mm,OK,--,10:02:57 AM,9/21/2024,
1106,162.6,gf,3.905,mm,OK,--,10:02:57 AM,9/21/2024,
1107,163.9,gf,3.905,mm,OK,--,10:02:58 AM,9/21/2024,
1108,165.4,gf,3.905,mm,OK,--,10:02:58 AM,9/21/2024,
1109,166.8,gf,3.910,mm,OK,--,10:02:58 AM,9/21/2024,
1110,168.1,gf,3.910,mm,OK,--,10:02:58 AM,9/21/2024,
1111,169.5,gf,3.910,mm,OK,--,10:02:58 AM,9/21/2024,
1112,170.7,gf,3.910,mm,OK,--,10:02:58 AM,9/21/2024,
1113,172.0,gf,3.915,mm,OK,--,10:02:58 AM,9/21/2024,
1114,173.4,gf,3.915,mm,OK,--,10:02:58 AM,9/21/2024,
1115,174.8,gf,3.915,mm,OK,--,10:02:58 AM,9/21/2024,
1116,176.2,gf,3.920,mm,OK,--,10:02:58 AM,9/21/2024,
1117,177.4,gf,3.920,mm,OK,--,10:02:59 AM,9/21/2024,
1118,178.8,gf,3.920,mm,OK,--,10:02:59 AM,9/21/2024,
1119,180.0,gf,3.920,mm,OK,--,10:02:59 AM,9/21/2024,
1120,181.4,gf,3.925,mm,OK,--,10:02:59 AM,9/21/2024,
1121,182.6,gf,3.925,mm,OK,--,10:02:59 AM,9/21/2024,
1122,183.8,gf,3.925,mm,OK,--,10:02:59 AM,9/21/2024,
1123,184.7,gf,3.925,mm,OK,--,10:02:59 AM,9/21/2024,
1124,185.8,gf,3.925,mm,OK,--,10:02:59 AM,9/21/2024,
1125,186.6,gf,3.930,mm,OK,--,10:02:59 AM,9/21/2024,
1126,187.3,gf,3.930,mm,OK,--,10:02:59 AM,9/21/2024,
1127,188.2,gf,3.930,mm,OK,--,10:03:00 AM,9/21/2024,
1128,188.8,gf,3.930,mm,OK,--,10:03:00 AM,9/21/2024,
1129,189.7,gf,3.930,mm,OK,--,10:03:00 AM,9/21/2024,
1130,190.4,gf,3.930,mm,OK,--,10:03:00 AM,9/21/2024,
1131,191.1,gf,3.930,mm,OK,--,10:03:00 AM,9/21/2024,
1132,191.9,gf,3.935,mm,OK,--,10:03:00 AM,9/21/2024,
1133,192.4,gf,3.935,mm,OK,--,10:03:00 AM,9/21/2024,
1134,192.6,gf,3.935,mm,OK,--,10:03:00 AM,9/21/2024,
1135,192.8,gf,3.935,mm,OK,--,10:03:00 AM,9/21/2024,
1136,192.9,gf,3.935,mm,OK,--,10:03:00 AM,9/21/2024,
1137,193.1,gf,3.935,mm,OK,--,10:03:01 AM,9/21/2024,
1138,193.2,gf,3.935,mm,OK,--,10:03:01 AM,9/21/2024,
1139,193.1,gf,3.935,mm,OK,--,10:03:01 AM,9/21/2024,
1140,193.1,gf,3.935,mm,OK,--,10:03:01 AM,9/21/2024,
1141,193.1,gf,3.935,mm,OK,--,10:03:01 AM,9/21/2024,
1142,193.0,gf,3.935,mm,OK,--,10:03:01 AM,9/21/2024,
1143,192.9,gf,3.935,mm,OK,--,10:03:01 AM,9/21/2024,
1144,192.8,gf,3.935,mm,OK,--,10:03:01 AM,9/21/2024,
1145,192.8,gf,3.935,mm,OK,--,10:03:01 AM,9/21/2024,
1146,192.7,gf,3.935,mm,OK,--,10:03:01 AM,9/21/2024,
1147,192.7,gf,3.935,mm,OK,--,10:03:02 AM,9/21/2024,
1148,192.7,gf,3.935,mm,OK,--,10:03:02 AM,9/21/2024,
1149,192.7,gf,3.935,mm,OK,--,10:03:02 AM,9/21/2024,
1150,192.7,gf,3.935,mm,OK,--,10:03:02 AM,9/21/2024,
1151,192.7,gf,3.935,mm,OK,--,10:03:02 AM,9/21/2024,
1152,192.6,gf,3.935,mm,OK,--,10:03:02 AM,9/21/2024,
1153,192.6,gf,3.935,mm,OK,--,10:03:02 AM,9/21/2024,
1154,192.6,gf,3.935,mm,OK,--,10:03:02 AM,9/21/2024,
1155,192.6,gf,3.935,mm,OK,--,10:03:02 AM,9/21/2024,
1156,192.5,gf,3.935,mm,OK,--,10:03:02 AM,9/21/2024,
1157,192.4,gf,3.935,mm,OK,--,10:03:03 AM,9/21/2024,
1158,192.4,gf,3.935,mm,OK,--,10:03:03 AM,9/21/2024,
1159,192.2,gf,3.935,mm,OK,--,10:03:03 AM,9/21/2024,
1160,192.1,gf,3.935,mm,OK,--,10:03:03 AM,9/21/2024,
1161,191.9,gf,3.935,mm,OK,--,10:03:03 AM,9/21/2024,
1162,191.8,gf,3.935,mm,OK,--,10:03:03 AM,9/21/2024,
1163,191.8,gf,3.935,mm,OK,--,10:03:03 AM,9/21/2024,
1164,191.7,gf,3.935,mm,OK,--,10:03:03 AM,9/21/2024,
1165,191.7,gf,3.935,mm,OK,--,10:03:03 AM,9/21/2024,
1166,191.6,gf,3.935,mm,OK,--,10:03:03 AM,9/21/2024,
1167,191.5,gf,3.935,mm,OK,--,10:03:04 AM,9/21/2024,
1168,191.5,gf,3.935,mm,OK,--,10:03:04 AM,9/21/2024,
1169,191.4,gf,3.935,mm,OK,--,10:03:04 AM,9/21/2024,
1170,191.3,gf,3.935,mm,OK,--,10:03:04 AM,9/21/2024,
1171,191.0,gf,3.935,mm,OK,--,10:03:04 AM,9/21/2024,
1172,190.8,gf,3.935,mm,OK,--,10:03:04 AM,9/21/2024,
1173,190.6,gf,3.935,mm,OK,--,10:03:04 AM,9/21/2024,
1174,190.5,gf,3.935,mm,OK,--,10:03:04 AM,9/21/2024,
1175,190.5,gf,3.935,mm,OK,--,10:03:04 AM,9/21/2024,
1176,190.3,gf,3.935,mm,OK,--,10:03:04 AM,9/21/2024,
1177,190.1,gf,3.935,mm,OK,--,10:03:05 AM,9/21/2024,
1178,189.9,gf,3.935,mm,OK,--,10:03:05 AM,9/21/2024,
1179,189.8,gf,3.935,mm,OK,--,10:03:05 AM,9/21/2024,
1180,189.6,gf,3.935,mm,OK,--,10:03:05 AM,9/21/2024,
1181,189.4,gf,3.935,mm,OK,--,10:03:05 AM,9/21/2024,
1182,189.2,gf,3.935,mm,OK,--,10:03:05 AM,9/21/2024,
1183,189.0,gf,3.935,mm,OK,--,10:03:05 AM,9/21/2024,
1184,188.8,gf,3.930,mm,OK,--,10:03:05 AM,9/21/2024,
1185,188.7,gf,3.930,mm,OK,--,10:03:05 AM,9/21/2024,
1186,188.6,gf,3.930,mm,OK,--,10:03:05 AM,9/21/2024,
1187,188.5,gf,3.930,mm,OK,--,10:03:06 AM,9/21/2024,
1188,188.3,gf,3.930,mm,OK,--,10:03:06 AM,9/21/2024,
1189,188.0,gf,3.930,mm,OK,--,10:03:06 AM,9/21/2024,
1190,187.9,gf,3.930,mm,OK,--,10:03:06 AM,9/21/2024,
1191,187.4,gf,3.930,mm,OK,--,10:03:06 AM,9/21/2024,
1192,186.7,gf,3.930,mm,OK,--,10:03:06 AM,9/21/2024,
1193,185.7,gf,3.930,mm,OK,--,10:03:06 AM,9/21/2024,
1194,183.9,gf,3.930,mm,OK,--,10:03:06 AM,9/21/2024,
1195,182.3,gf,3.925,mm,OK,--,10:03:06 AM,9/21/2024,
1196,180.7,gf,3.925,mm,OK,--,10:03:06 AM,9/21/2024,
1197,179.3,gf,3.925,mm,OK,--,10:03:07 AM,9/21/2024,
1198,177.9,gf,3.925,mm,OK,--,10:03:07 AM,9/21/2024,
1199,176.7,gf,3.920,mm,OK,--,10:03:07 AM,9/21/2024,
1200,175.9,gf,3.920,mm,OK,--,10:03:07 AM,9/21/2024,
1201,175.8,gf,3.920,mm,OK,--,10:03:07 AM,9/21/2024,
1202,175.6,gf,3.920,mm,OK,--,10:03:07 AM,9/21/2024,
1203,175.4,gf,3.920,mm,OK,--,10:03:07 AM,9/21/2024,
1204,175.1,gf,3.920,mm,OK,--,10:03:07 AM,9/21/2024,
1205,174.9,gf,3.920,mm,OK,--,10:03:07 AM,9/21/2024,
1206,174.6,gf,3.920,mm,OK,--,10:03:07 AM,9/21/2024,
1207,174.3,gf,3.920,mm,OK,--,10:03:08 AM,9/21/2024,
1208,174.0,gf,3.920,mm,OK,--,10:03:08 AM,9/21/2024,
1209,173.7,gf,3.920,mm,OK,--,10:03:08 AM,9/21/2024,
1210,173.3,gf,3.920,mm,OK,--,10:03:08 AM,9/21/2024,
1211,172.9,gf,3.920,mm,OK,--,10:03:08 AM,9/21/2024,
1212,172.5,gf,3.920,mm,OK,--,10:03:08 AM,9/21/2024,
1213,171.7,gf,3.915,mm,OK,--,10:03:08 AM,9/21/2024,
1214,170.9,gf,3.915,mm,OK,--,10:03:08 AM,9/21/2024,
1215,170.2,gf,3.915,mm,OK,--,10:03:08 AM,9/21/2024,
1216,169.7,gf,3.915,mm,OK,--,10:03:08 AM,9/21/2024,
1217,169.4,gf,3.915,mm,OK,--,10:03:09 AM,9/21/2024,
1218,169.1,gf,3.915,mm,OK,--,10:03:09 AM,9/21/2024,
1219,168.9,gf,3.915,mm,OK,--,10:03:09 AM,9/21/2024,
1220,168.8,gf,3.915,mm,OK,--,10:03:09 AM,9/21/2024,
1221,168.6,gf,3.915,mm,OK,--,10:03:09 AM,9/21/2024,
1222,168.3,gf,3.915,mm,OK,--,10:03:09 AM,9/21/2024,
1223,167.9,gf,3.915,mm,OK,--,10:03:09 AM,9/21/2024,
1224,167.6,gf,3.915,mm,OK,--,10:03:09 AM,9/21/2024,
1225,167.4,gf,3.915,mm,OK,--,10:03:09 AM,9/21/2024,
1226,167.2,gf,3.915,mm,OK,--,10:03:10 AM,9/21/2024,
1227,167.0,gf,3.910,mm,OK,--,10:03:10 AM,9/21/2024,
1228,166.8,gf,3.910,mm,OK,--,10:03:10 AM,9/21/2024,
1229,166.6,gf,3.910,mm,OK,--,10:03:10 AM,9/21/2024,
1230,166.2,gf,3.910,mm,OK,--,10:03:10 AM,9/21/2024,
1231,165.6,gf,3.910,mm,OK,--,10:03:10 AM,9/21/2024,
1232,165.3,gf,3.910,mm,OK,--,10:03:10 AM,9/21/2024,
1233,165.1,gf,3.910,mm,OK,--,10:03:10 AM,9/21/2024,
1234,164.8,gf,3.910,mm,OK,--,10:03:10 AM,9/21/2024,
1235,164.5,gf,3.910,mm,OK,--,10:03:10 AM,9/21/2024,
1236,164.1,gf,3.910,mm,OK,--,10:03:10 AM,9/21/2024,
1237,163.7,gf,3.910,mm,OK,--,10:03:11 AM,9/21/2024,
1238,163.4,gf,3.910,mm,OK,--,10:03:11 AM,9/21/2024,
1239,163.1,gf,3.910,mm,OK,--,10:03:11 AM,9/21/2024,
1240,163.0,gf,3.910,mm,OK,--,10:03:11 AM,9/21/2024,
1241,162.8,gf,3.910,mm,OK,--,10:03:11 AM,9/21/2024,
1242,162.4,gf,3.910,mm,OK,--,10:03:11 AM,9/21/2024,
1243,162.1,gf,3.910,mm,OK,--,10:03:11 AM,9/21/2024,
1244,161.7,gf,3.910,mm,OK,--,10:03:11 AM,9/21/2024,
1245,161.3,gf,3.905,mm,OK,--,10:03:11 AM,9/21/2024,
1246,160.7,gf,3.905,mm,OK,--,10:03:11 AM,9/21/2024,
1247,160.1,gf,3.905,mm,OK,--,10:03:12 AM,9/21/2024,
1248,159.4,gf,3.905,mm,OK,--,10:03:12 AM,9/21/2024,
1249,158.6,gf,3.905,mm,OK,--,10:03:12 AM,9/21/2024,
1250,157.4,gf,3.905,mm,OK,--,10:03:12 AM,9/21/2024,
1251,156.4,gf,3.905,mm,OK,--,10:03:12 AM,9/21/2024,
1252,155.5,gf,3.900,mm,OK,--,10:03:12 AM,9/21/2024,
1253,154.7,gf,3.900,mm,OK,--,10:03:12 AM,9/21/2024,
1254,154.0,gf,3.900,mm,OK,--,10:03:12 AM,9/21/2024,
1255,153.3,gf,3.900,mm,OK,--,10:03:12 AM,9/21/2024,
1256,152.8,gf,3.900,mm,OK,--,10:03:12 AM,9/21/2024,
1257,152.3,gf,3.900,mm,OK,--,10:03:13 AM,9/21/2024,
1258,151.8,gf,3.900,mm,OK,--,10:03:13 AM,9/21/2024,
1259,151.2,gf,3.895,mm,OK,--,10:03:13 AM,9/21/2024,
1260,150.7,gf,3.895,mm,OK,--,10:03:13 AM,9/21/2024,
1261,150.3,gf,3.895,mm,OK,--,10:03:13 AM,9/21/2024,
1262,149.9,gf,3.895,mm,OK,--,10:03:13 AM,9/21/2024,
1263,149.4,gf,3.895,mm,OK,--,10:03:13 AM,9/21/2024,
1264,149.0,gf,3.895,mm,OK,--,10:03:13 AM,9/21/2024,
1265,148.6,gf,3.895,mm,OK,--,10:03:13 AM,9/21/2024,
1266,148.1,gf,3.895,mm,OK,--,10:03:13 AM,9/21/2024,
1267,147.7,gf,3.895,mm,OK,--,10:03:14 AM,9/21/2024,
1268,147.3,gf,3.895,mm,OK,--,10:03:14 AM,9/21/2024,
1269,146.9,gf,3.895,mm,OK,--,10:03:14 AM,9/21/2024,
1270,146.6,gf,3.895,mm,OK,--,10:03:14 AM,9/21/2024,
1271,146.4,gf,3.890,mm,OK,--,10:03:14 AM,9/21/2024,
1272,146.1,gf,3.890,mm,OK,--,10:03:14 AM,9/21/2024,
1273,145.8,gf,3.890,mm,OK,--,10:03:14 AM,9/21/2024,
1274,145.6,gf,3.890,mm,OK,--,10:03:14 AM,9/21/2024,
1275,145.4,gf,3.890,mm,OK,--,10:03:14 AM,9/21/2024,
1276,145.2,gf,3.890,mm,OK,--,10:03:14 AM,9/21/2024,
1277,144.9,gf,3.890,mm,OK,--,10:03:15 AM,9/21/2024,
1278,144.8,gf,3.890,mm,OK,--,10:03:15 AM,9/21/2024,
1279,144.7,gf,3.890,mm,OK,--,10:03:15 AM,9/21/2024,
1280,144.5,gf,3.890,mm,OK,--,10:03:15 AM,9/21/2024,
1281,144.4,gf,3.890,mm,OK,--,10:03:15 AM,9/21/2024,
1282,144.3,gf,3.890,mm,OK,--,10:03:15 AM,9/21/2024,
1283,144.1,gf,3.890,mm,OK,--,10:03:15 AM,9/21/2024,
1284,144.0,gf,3.890,mm,OK,--,10:03:15 AM,9/21/2024,
1285,143.8,gf,3.890,mm,OK,--,10:03:15 AM,9/21/2024,
1286,143.7,gf,3.890,mm,OK,--,10:03:15 AM,9/21/2024,
1287,143.6,gf,3.890,mm,OK,--,10:03:16 AM,9/21/2024,
1288,143.4,gf,3.890,mm,OK,--,10:03:16 AM,9/21/2024,
1289,143.2,gf,3.890,mm,OK,--,10:03:16 AM,9/21/2024,
1290,143.1,gf,3.890,mm,OK,--,10:03:16 AM,9/21/2024,
1291,142.5,gf,3.890,mm,OK,--,10:03:16 AM,9/21/2024,
1292,141.9,gf,3.890,mm,OK,--,10:03:16 AM,9/21/2024,
1293,141.4,gf,3.890,mm,OK,--,10:03:16 AM,9/21/2024,
1294,140.6,gf,3.885,mm,OK,--,10:03:16 AM,9/21/2024,
1295,140.1,gf,3.885,mm,OK,--,10:03:16 AM,9/21/2024,
1296,139.7,gf,3.885,mm,OK,--,10:03:16 AM,9/21/2024,
1297,139.3,gf,3.885,mm,OK,--,10:03:17 AM,9/21/2024,
1298,138.9,gf,3.885,mm,OK,--,10:03:17 AM,9/21/2024,
1299,138.5,gf,3.885,mm,OK,--,10:03:17 AM,9/21/2024,
1300,138.1,gf,3.885,mm,OK,--,10:03:17 AM,9/21/2024,
1301,137.8,gf,3.885,mm,OK,--,10:03:17 AM,9/21/2024,
1302,137.5,gf,3.885,mm,OK,--,10:03:17 AM,9/21/2024,
1303,137.1,gf,3.885,mm,OK,--,10:03:17 AM,9/21/2024,
1304,136.8,gf,3.885,mm,OK,--,10:03:17 AM,9/21/2024,
1305,136.3,gf,3.885,mm,OK,--,10:03:17 AM,9/21/2024,
1306,135.8,gf,3.880,mm,OK,--,10:03:17 AM,9/21/2024,
1307,135.4,gf,3.880,mm,OK,--,10:03:18 AM,9/21/2024,
1308,135.1,gf,3.880,mm,OK,--,10:03:18 AM,9/21/2024,
1309,134.7,gf,3.880,mm,OK,--,10:03:18 AM,9/21/2024,
1310,134.4,gf,3.880,mm,OK,--,10:03:18 AM,9/21/2024,
1311,134.3,gf,3.880,mm,OK,--,10:03:18 AM,9/21/2024,
1312,134.1,gf,3.880,mm,OK,--,10:03:18 AM,9/21/2024,
1313,133.6,gf,3.880,mm,OK,--,10:03:18 AM,9/21/2024,
1314,133.3,gf,3.880,mm,OK,--,10:03:18 AM,9/21/2024,
1315,132.8,gf,3.880,mm,OK,--,10:03:18 AM,9/21/2024,
1316,132.2,gf,3.880,mm,OK,--,10:03:18 AM,9/21/2024,
1317,131.8,gf,3.880,mm,OK,--,10:03:19 AM,9/21/2024,
1318,131.2,gf,3.875,mm,OK,--,10:03:19 AM,9/21/2024,
1319,130.6,gf,3.875,mm,OK,--,10:03:19 AM,9/21/2024,
1320,130.2,gf,3.875,mm,OK,--,10:03:19 AM,9/21/2024,
1321,129.8,gf,3.875,mm,OK,--,10:03:19 AM,9/21/2024,
1322,129.3,gf,3.875,mm,OK,--,10:03:19 AM,9/21/2024,
1323,128.8,gf,3.875,mm,OK,--,10:03:19 AM,9/21/2024,
1324,128.4,gf,3.875,mm,OK,--,10:03:19 AM,9/21/2024,
1325,128.0,gf,3.875,mm,OK,--,10:03:19 AM,9/21/2024,
1326,127.7,gf,3.875,mm,OK,--,10:03:19 AM,9/21/2024,
1327,127.3,gf,3.875,mm,OK,--,10:03:20 AM,9/21/2024,
1328,127.1,gf,3.875,mm,OK,--,10:03:20 AM,9/21/2024,
1329,126.8,gf,3.875,mm,OK,--,10:03:20 AM,9/21/2024,
1330,126.4,gf,3.875,mm,OK,--,10:03:20 AM,9/21/2024,
1331,126.0,gf,3.870,mm,OK,--,10:03:20 AM,9/21/2024,
1332,125.7,gf,3.870,mm,OK,--,10:03:20 AM,9/21/2024,
1333,125.4,gf,3.870,mm,OK,--,10:03:20 AM,9/21/2024,
1334,125.1,gf,3.870,mm,OK,--,10:03:20 AM,9/21/2024,
1335,124.9,gf,3.870,mm,OK,--,10:03:20 AM,9/21/2024,
1336,124.6,gf,3.870,mm,OK,--,10:03:20 AM,9/21/2024,
1337,124.4,gf,3.870,mm,OK,--,10:03:21 AM,9/21/2024,
1338,124.0,gf,3.870,mm,OK,--,10:03:21 AM,9/21/2024,
1339,123.6,gf,3.870,mm,OK,--,10:03:21 AM,9/21/2024,
1340,123.3,gf,3.870,mm,OK,--,10:03:21 AM,9/21/2024,
1341,122.9,gf,3.870,mm,OK,--,10:03:21 AM,9/21/2024,
1342,122.6,gf,3.870,mm,OK,--,10:03:21 AM,9/21/2024,
1343,122.5,gf,3.870,mm,OK,--,10:03:21 AM,9/21/2024,
1344,122.3,gf,3.870,mm,OK,--,10:03:21 AM,9/21/2024,
1345,121.6,gf,3.870,mm,OK,--,10:03:21 AM,9/21/2024,
1346,121.0,gf,3.865,mm,OK,--,10:03:21 AM,9/21/2024,
1347,120.2,gf,3.865,mm,OK,--,10:03:22 AM,9/21/2024,
1348,119.3,gf,3.865,mm,OK,--,10:03:22 AM,9/21/2024,
1349,118.5,gf,3.865,mm,OK,--,10:03:22 AM,9/21/2024,
1350,117.8,gf,3.865,mm,OK,--,10:03:22 AM,9/21/2024,
1351,117.3,gf,3.865,mm,OK,--,10:03:22 AM,9/21/2024,
1352,116.8,gf,3.865,mm,OK,--,10:03:22 AM,9/21/2024,
1353,116.4,gf,3.865,mm,OK,--,10:03:22 AM,9/21/2024,
1354,116.0,gf,3.865,mm,OK,--,10:03:22 AM,9/21/2024,
1355,115.9,gf,3.860,mm,OK,--,10:03:22 AM,9/21/2024,
1356,115.6,gf,3.860,mm,OK,--,10:03:22 AM,9/21/2024,
1357,115.1,gf,3.860,mm,OK,--,10:03:23 AM,9/21/2024,
1358,114.5,gf,3.860,mm,OK,--,10:03:23 AM,9/21/2024,
1359,113.8,gf,3.860,mm,OK,--,10:03:23 AM,9/21/2024,
1360,113.1,gf,3.860,mm,OK,--,10:03:23 AM,9/21/2024,
1361,112.3,gf,3.860,mm,OK,--,10:03:23 AM,9/21/2024,
1362,111.8,gf,3.860,mm,OK,--,10:03:23 AM,9/21/2024,
1363,111.3,gf,3.860,mm,OK,--,10:03:23 AM,9/21/2024,
1364,110.9,gf,3.860,mm,OK,--,10:03:23 AM,9/21/2024,
1365,110.3,gf,3.855,mm,OK,--,10:03:23 AM,9/21/2024,
1366,109.9,gf,3.855,mm,OK,--,10:03:23 AM,9/21/2024,
1367,109.3,gf,3.855,mm,OK,--,10:03:24 AM,9/21/2024,
1368,108.9,gf,3.855,mm,OK,--,10:03:24 AM,9/21/2024,
1369,108.3,gf,3.855,mm,OK,--,10:03:24 AM,9/21/2024,
1370,107.7,gf,3.855,mm,OK,--,10:03:24 AM,9/21/2024,
1371,107.0,gf,3.855,mm,OK,--,10:03:24 AM,9/21/2024,
1372,106.4,gf,3.855,mm,OK,--,10:03:24 AM,9/21/2024,
1373,106.0,gf,3.855,mm,OK,--,10:03:24 AM,9/21/2024,
1374,105.4,gf,3.850,mm,OK,--,10:03:24 AM,9/21/2024,
1375,104.9,gf,3.850,mm,OK,--,10:03:24 AM,9/21/2024,
1376,104.4,gf,3.850,mm,OK,--,10:03:24 AM,9/21/2024,
1377,104.0,gf,3.850,mm,OK,--,10:03:25 AM,9/21/2024,
1378,103.5,gf,3.850,mm,OK,--,10:03:25 AM,9/21/2024,
1379,103.2,gf,3.850,mm,OK,--,10:03:25 AM,9/21/2024,
1380,102.9,gf,3.850,mm,OK,--,10:03:25 AM,9/21/2024,
1381,102.5,gf,3.850,mm,OK,--,10:03:25 AM,9/21/2024,
1382,102.0,gf,3.850,mm,OK,--,10:03:25 AM,9/21/2024,
1383,101.5,gf,3.850,mm,OK,--,10:03:25 AM,9/21/2024,
1384,100.8,gf,3.850,mm,OK,--,10:03:25 AM,9/21/2024,
1385,100.2,gf,3.845,mm,OK,--,10:03:25 AM,9/21/2024,
1386,99.5,gf,3.845,mm,OK,--,10:03:25 AM,9/21/2024,
1387,99.1,gf,3.845,mm,OK,--,10:03:26 AM,9/21/2024,
1388,98.5,gf,3.845,mm,OK,--,10:03:26 AM,9/21/2024,
1389,98.1,gf,3.845,mm,OK,--,10:03:26 AM,9/21/2024,
1390,97.8,gf,3.845,mm,OK,--,10:03:26 AM,9/21/2024,
1391,97.3,gf,3.845,mm,OK,--,10:03:26 AM,9/21/2024,
1392,96.9,gf,3.845,mm,OK,--,10:03:26 AM,9/21/2024,
1393,96.6,gf,3.845,mm,OK,--,10:03:26 AM,9/21/2024,
1394,96.3,gf,3.845,mm,OK,--,10:03:26 AM,9/21/2024,
1395,95.7,gf,3.845,mm,OK,--,10:03:26 AM,9/21/2024,
1396,95.3,gf,3.845,mm,OK,--,10:03:27 AM,9/21/2024,
1397,94.9,gf,3.840,mm,OK,--,10:03:27 AM,9/21/2024,
1398,94.5,gf,3.840,mm,OK,--,10:03:27 AM,9/21/2024,
1399,94.2,gf,3.840,mm,OK,--,10:03:27 AM,9/21/2024,
1400,93.7,gf,3.840,mm,OK,--,10:03:27 AM,9/21/2024,
1401,93.2,gf,3.840,mm,OK,--,10:03:27 AM,9/21/2024,
1402,93.0,gf,3.840,mm,OK,--,10:03:27 AM,9/21/2024,
1403,92.7,gf,3.840,mm,OK,--,10:03:27 AM,9/21/2024,
1404,92.2,gf,3.840,mm,OK,--,10:03:27 AM,9/21/2024,
1405,91.6,gf,3.840,mm,OK,--,10:03:27 AM,9/21/2024,
1406,91.0,gf,3.840,mm,OK,--,10:03:27 AM,9/21/2024,
1407,90.5,gf,3.840,mm,OK,--,10:03:28 AM,9/21/2024,
1408,89.8,gf,3.840,mm,OK,--,10:03:28 AM,9/21/2024,
1409,89.2,gf,3.835,mm,OK,--,10:03:28 AM,9/21/2024,
1410,88.6,gf,3.835,mm,OK,--,10:03:28 AM,9/21/2024,
1411,88.2,gf,3.835,mm,OK,--,10:03:28 AM,9/21/2024,
1412,87.8,gf,3.835,mm,OK,--,10:03:28 AM,9/21/2024,
1413,87.4,gf,3.835,mm,OK,--,10:03:28 AM,9/21/2024,
1414,87.0,gf,3.835,mm,OK,--,10:03:28 AM,9/21/2024,
1415,86.5,gf,3.835,mm,OK,--,10:03:28 AM,9/21/2024,
1416,85.9,gf,3.835,mm,OK,--,10:03:28 AM,9/21/2024,
1417,85.3,gf,3.835,mm,OK,--,10:03:29 AM,9/21/2024,
1418,84.8,gf,3.830,mm,OK,--,10:03:29 AM,9/21/2024,
1419,84.1,gf,3.830,mm,OK,--,10:03:29 AM,9/21/2024,
1420,83.6,gf,3.830,mm,OK,--,10:03:29 AM,9/21/2024,
1421,83.0,gf,3.830,mm,OK,--,10:03:29 AM,9/21/2024,
1422,82.4,gf,3.830,mm,OK,--,10:03:29 AM,9/21/2024,
1423,82.0,gf,3.830,mm,OK,--,10:03:29 AM,9/21/2024,
1424,81.6,gf,3.830,mm,OK,--,10:03:29 AM,9/21/2024,
1425,80.9,gf,3.830,mm,OK,--,10:03:29 AM,9/21/2024,
1426,80.4,gf,3.830,mm,OK,--,10:03:29 AM,9/21/2024,
1427,79.9,gf,3.830,mm,OK,--,10:03:30 AM,9/21/2024,
1428,79.3,gf,3.825,mm,OK,--,10:03:30 AM,9/21/2024,
1429,78.9,gf,3.825,mm,OK,--,10:03:30 AM,9/21/2024,
1430,78.5,gf,3.825,mm,OK,--,10:03:30 AM,9/21/2024,
1431,78.2,gf,3.825,mm,OK,--,10:03:30 AM,9/21/2024,
1432,77.9,gf,3.825,mm,OK,--,10:03:30 AM,9/21/2024,
1433,77.6,gf,3.825,mm,OK,--,10:03:30 AM,9/21/2024,
1434,77.3,gf,3.825,mm,OK,--,10:03:30 AM,9/21/2024,
1435,77.1,gf,3.825,mm,OK,--,10:03:30 AM,9/21/2024,
1436,76.9,gf,3.825,mm,OK,--,10:03:30 AM,9/21/2024,
1437,76.7,gf,3.825,mm,OK,--,10:03:31 AM,9/21/2024,
1438,76.5,gf,3.825,mm,OK,--,10:03:31 AM,9/21/2024,
1439,76.4,gf,3.825,mm,OK,--,10:03:31 AM,9/21/2024,
1440,76.2,gf,3.825,mm,OK,--,10:03:31 AM,9/21/2024,
1441,76.0,gf,3.825,mm,OK,--,10:03:31 AM,9/21/2024,
1442,75.8,gf,3.825,mm,OK,--,10:03:31 AM,9/21/2024,
1443,75.7,gf,3.825,mm,OK,--,10:03:31 AM,9/21/2024,
1444,75.5,gf,3.825,mm,OK,--,10:03:31 AM,9/21/2024,
1445,75.4,gf,3.825,mm,OK,--,10:03:31 AM,9/21/2024,
1446,75.3,gf,3.825,mm,OK,--,10:03:31 AM,9/21/2024,
1447,75.1,gf,3.825,mm,OK,--,10:03:32 AM,9/21/2024,
1448,75.1,gf,3.825,mm,OK,--,10:03:32 AM,9/21/2024,
1449,74.9,gf,3.825,mm,OK,--,10:03:32 AM,9/21/2024,
1450,74.6,gf,3.820,mm,OK,--,10:03:32 AM,9/21/2024,
1451,74.5,gf,3.820,mm,OK,--,10:03:32 AM,9/21/2024,
1452,74.3,gf,3.820,mm,OK,--,10:03:32 AM,9/21/2024,
1453,74.2,gf,3.820,mm,OK,--,10:03:32 AM,9/21/2024,
1454,74.0,gf,3.820,mm,OK,--,10:03:32 AM,9/21/2024,
1455,73.6,gf,3.820,mm,OK,--,10:03:32 AM,9/21/2024,
1456,73.1,gf,3.820,mm,OK,--,10:03:32 AM,9/21/2024,
1457,72.1,gf,3.820,mm,OK,--,10:03:33 AM,9/21/2024,
1458,71.2,gf,3.820,mm,OK,--,10:03:33 AM,9/21/2024,
1459,70.3,gf,3.820,mm,OK,--,10:03:33 AM,9/21/2024,
1460,69.5,gf,3.815,mm,OK,--,10:03:33 AM,9/21/2024,
1461,68.5,gf,3.815,mm,OK,--,10:03:33 AM,9/21/2024,
1462,67.6,gf,3.815,mm,OK,--,10:03:33 AM,9/21/2024,
1463,66.8,gf,3.815,mm,OK,--,10:03:33 AM,9/21/2024,
1464,65.8,gf,3.815,mm,OK,--,10:03:33 AM,9/21/2024,
1465,64.5,gf,3.810,mm,OK,--,10:03:33 AM,9/21/2024,
1466,62.7,gf,3.810,mm,OK,--,10:03:33 AM,9/21/2024,
1467,60.5,gf,3.810,mm,OK,--,10:03:34 AM,9/21/2024,
1468,58.1,gf,3.805,mm,OK,--,10:03:34 AM,9/21/2024,
1469,56.0,gf,3.805,mm,OK,--,10:03:34 AM,9/21/2024,
1470,54.2,gf,3.800,mm,OK,--,10:03:34 AM,9/21/2024,
1471,52.4,gf,3.800,mm,OK,--,10:03:34 AM,9/21/2024,
1472,50.2,gf,3.795,mm,OK,--,10:03:34 AM,9/21/2024,
1473,48.1,gf,3.795,mm,OK,--,10:03:34 AM,9/21/2024,
1474,47.5,gf,3.795,mm,OK,--,10:03:34 AM,9/21/2024,
1475,46.7,gf,3.795,mm,OK,--,10:03:34 AM,9/21/2024,
1476,45.7,gf,3.790,mm,OK,--,10:03:34 AM,9/21/2024,
1477,44.1,gf,3.790,mm,OK,--,10:03:35 AM,9/21/2024,
1478,42.0,gf,3.790,mm,OK,--,10:03:35 AM,9/21/2024,
1479,42.0,gf,3.785,mm,OK,--,10:03:35 AM,9/21/2024,
1480,42.0,gf,3.780,mm,OK,--,10:03:35 AM,9/21/2024,
1481,41.9,gf,3.775,mm,OK,--,10:03:35 AM,9/21/2024,
1482,41.8,gf,3.775,mm,OK,--,10:03:35 AM,9/21/2024,
1483,41.9,gf,3.770,mm,OK,--,10:03:35 AM,9/21/2024,
1484,41.8,gf,3.765,mm,OK,--,10:03:35 AM,9/21/2024,
1485,41.8,gf,3.765,mm,OK,--,10:03:35 AM,9/21/2024,
1486,41.8,gf,3.760,mm,OK,--,10:03:35 AM,9/21/2024,
1487,41.8,gf,3.755,mm,OK,--,10:03:36 AM,9/21/2024,
1488,41.7,gf,3.750,mm,OK,--,10:03:36 AM,9/21/2024,
1489,41.7,gf,3.750,mm,OK,--,10:03:36 AM,9/21/2024,
1490,41.7,gf,3.745,mm,OK,--,10:03:36 AM,9/21/2024,
1491,41.7,gf,3.740,mm,OK,--,10:03:36 AM,9/21/2024,
1492,41.7,gf,3.735,mm,OK,--,10:03:36 AM,9/21/2024,
1493,41.7,gf,3.735,mm,OK,--,10:03:36 AM,9/21/2024,
1494,41.7,gf,3.730,mm,OK,--,10:03:36 AM,9/21/2024,
1495,41.7,gf,3.730,mm,OK,--,10:03:36 AM,9/21/2024,
1496,41.7,gf,3.725,mm,OK,--,10:03:36 AM,9/21/2024,
1497,41.7,gf,3.725,mm,OK,--,10:03:37 AM,9/21/2024,
1498,41.7,gf,3.720,mm,OK,--,10:03:37 AM,9/21/2024,
1499,41.6,gf,3.720,mm,OK,--,10:03:37 AM,9/21/2024,
1500,41.6,gf,3.715,mm,OK,--,10:03:37 AM,9/21/2024,
1501,41.6,gf,3.715,mm,OK,--,10:03:37 AM,9/21/2024,
1502,41.5,gf,3.710,mm,OK,--,10:03:37 AM,9/21/2024,
1503,41.4,gf,3.705,mm,OK,--,10:03:37 AM,9/21/2024,
1504,41.3,gf,3.705,mm,OK,--,10:03:37 AM,9/21/2024,
1505,41.4,gf,3.700,mm,OK,--,10:03:37 AM,9/21/2024,
1506,41.4,gf,3.695,mm,OK,--,10:03:37 AM,9/21/2024,
1507,41.4,gf,3.690,mm,OK,--,10:03:38 AM,9/21/2024,
1508,41.3,gf,3.685,mm,OK,--,10:03:38 AM,9/21/2024,
1509,41.2,gf,3.680,mm,OK,--,10:03:38 AM,9/21/2024,
1510,41.3,gf,3.675,mm,OK,--,10:03:38 AM,9/21/2024,
1511,41.2,gf,3.670,mm,OK,--,10:03:38 AM,9/21/2024,
1512,41.2,gf,3.665,mm,OK,--,10:03:38 AM,9/21/2024,
1513,41.2,gf,3.660,mm,OK,--,10:03:38 AM,9/21/2024,
1514,41.1,gf,3.655,mm,OK,--,10:03:38 AM,9/21/2024,
1515,41.1,gf,3.650,mm,OK,--,10:03:38 AM,9/21/2024,
1516,41.1,gf,3.640,mm,OK,--,10:03:38 AM,9/21/2024,
1517,41.0,gf,3.635,mm,OK,--,10:03:39 AM,9/21/2024,
1518,41.0,gf,3.630,mm,OK,--,10:03:39 AM,9/21/2024,
1519,40.9,gf,3.620,mm,OK,--,10:03:39 AM,9/21/2024,
1520,40.9,gf,3.610,mm,OK,--,10:03:39 AM,9/21/2024,
1521,40.7,gf,3.605,mm,OK,--,10:03:39 AM,9/21/2024,
1522,40.6,gf,3.600,mm,OK,--,10:03:39 AM,9/21/2024,
1523,40.8,gf,3.595,mm,OK,--,10:03:39 AM,9/21/2024,
1524,40.8,gf,3.585,mm,OK,--,10:03:39 AM,9/21/2024,
1525,40.7,gf,3.580,mm,OK,--,10:03:39 AM,9/21/2024,
1526,40.7,gf,3.580,mm,OK,--,10:03:39 AM,9/21/2024,
1527,40.7,gf,3.570,mm,OK,--,10:03:40 AM,9/21/2024,
1528,40.7,gf,3.565,mm,OK,--,10:03:40 AM,9/21/2024,
1529,40.6,gf,3.555,mm,OK,--,10:03:40 AM,9/21/2024,
1530,40.6,gf,3.550,mm,OK,--,10:03:40 AM,9/21/2024,
1531,40.6,gf,3.545,mm,OK,--,10:03:40 AM,9/21/2024,
1532,40.6,gf,3.535,mm,OK,--,10:03:40 AM,9/21/2024,
1533,40.6,gf,3.530,mm,OK,--,10:03:40 AM,9/21/2024,
1534,40.5,gf,3.525,mm,OK,--,10:03:40 AM,9/21/2024,
1535,40.5,gf,3.520,mm,OK,--,10:03:40 AM,9/21/2024,
1536,40.5,gf,3.515,mm,OK,--,10:03:40 AM,9/21/2024,
1537,40.5,gf,3.510,mm,OK,--,10:03:41 AM,9/21/2024,
1538,40.4,gf,3.505,mm,OK,--,10:03:41 AM,9/21/2024,
1539,40.4,gf,3.500,mm,OK,--,10:03:41 AM,9/21/2024,
1540,40.4,gf,3.495,mm,OK,--,10:03:41 AM,9/21/2024,
1541,40.2,gf,3.490,mm,OK,--,10:03:41 AM,9/21/2024,
1542,40.2,gf,3.485,mm,OK,--,10:03:41 AM,9/21/2024,
1543,40.2,gf,3.475,mm,OK,--,10:03:41 AM,9/21/2024,
1544,40.3,gf,3.470,mm,OK,--,10:03:41 AM,9/21/2024,
1545,40.1,gf,3.465,mm,OK,--,10:03:41 AM,9/21/2024,
1546,40.1,gf,3.460,mm,OK,--,10:03:41 AM,9/21/2024,
1547,40.1,gf,3.455,mm,OK,--,10:03:42 AM,9/21/2024,
1548,40.1,gf,3.450,mm,OK,--,10:03:42 AM,9/21/2024,
1549,40.2,gf,3.445,mm,OK,--,10:03:42 AM,9/21/2024,
1550,40.1,gf,3.440,mm,OK,--,10:03:42 AM,9/21/2024,
1551,40.1,gf,3.435,mm,OK,--,10:03:42 AM,9/21/2024,
1552,40.0,gf,3.430,mm,OK,--,10:03:42 AM,9/21/2024,
1553,40.0,gf,3.425,mm,OK,--,10:03:42 AM,9/21/2024,
1554,40.0,gf,3.415,mm,OK,--,10:03:42 AM,9/21/2024,
1555,40.0,gf,3.405,mm,OK,--,10:03:42 AM,9/21/2024,
1556,39.9,gf,3.400,mm,OK,--,10:03:42 AM,9/21/2024,
1557,39.9,gf,3.390,mm,OK,--,10:03:43 AM,9/21/2024,
1558,39.9,gf,3.385,mm,OK,--,10:03:43 AM,9/21/2024,
1559,39.9,gf,3.380,mm,OK,--,10:03:43 AM,9/21/2024,
1560,39.9,gf,3.375,mm,OK,--,10:03:43 AM,9/21/2024,
1561,39.9,gf,3.370,mm,OK,--,10:03:43 AM,9/21/2024,
1562,39.9,gf,3.370,mm,OK,--,10:03:43 AM,9/21/2024,
1563,39.8,gf,3.365,mm,OK,--,10:03:43 AM,9/21/2024,
1564,39.8,gf,3.360,mm,OK,--,10:03:43 AM,9/21/2024,
1565,39.8,gf,3.355,mm,OK,--,10:03:43 AM,9/21/2024,
1566,39.8,gf,3.350,mm,OK,--,10:03:43 AM,9/21/2024,
1567,39.8,gf,3.345,mm,OK,--,10:03:44 AM,9/21/2024,
1568,39.8,gf,3.340,mm,OK,--,10:03:44 AM,9/21/2024,
1569,39.8,gf,3.340,mm,OK,--,10:03:44 AM,9/21/2024,
1570,39.8,gf,3.335,mm,OK,--,10:03:44 AM,9/21/2024,
1571,39.7,gf,3.330,mm,OK,--,10:03:44 AM,9/21/2024,
1572,39.7,gf,3.320,mm,OK,--,10:03:44 AM,9/21/2024,
1573,39.7,gf,3.315,mm,OK,--,10:03:44 AM,9/21/2024,
1574,39.7,gf,3.310,mm,OK,--,10:03:44 AM,9/21/2024,
1575,39.6,gf,3.305,mm,OK,--,10:03:44 AM,9/21/2024,
1576,39.6,gf,3.300,mm,OK,--,10:03:44 AM,9/21/2024,
1577,39.6,gf,3.295,mm,OK,--,10:03:45 AM,9/21/2024,
1578,39.6,gf,3.290,mm,OK,--,10:03:45 AM,9/21/2024,
1579,39.6,gf,3.280,mm,OK,--,10:03:45 AM,9/21/2024,
1580,39.5,gf,3.275,mm,OK,--,10:03:45 AM,9/21/2024,
1581,39.4,gf,3.265,mm,OK,--,10:03:45 AM,9/21/2024,
1582,39.4,gf,3.260,mm,OK,--,10:03:45 AM,9/21/2024,
1583,39.4,gf,3.250,mm,OK,--,10:03:45 AM,9/21/2024,
1584,39.3,gf,3.245,mm,OK,--,10:03:45 AM,9/21/2024,
1585,39.3,gf,3.235,mm,OK,--,10:03:45 AM,9/21/2024,
1586,39.3,gf,3.225,mm,OK,--,10:03:46 AM,9/21/2024,
1587,39.3,gf,3.215,mm,OK,--,10:03:46 AM,9/21/2024,
1588,39.2,gf,3.205,mm,OK,--,10:03:46 AM,9/21/2024,
1589,39.2,gf,3.185,mm,OK,--,10:03:46 AM,9/21/2024,
1590,39.1,gf,3.170,mm,OK,--,10:03:46 AM,9/21/2024,
1591,39.0,gf,3.150,mm,OK,--,10:03:46 AM,9/21/2024,
1592,39.0,gf,3.135,mm,OK,--,10:03:46 AM,9/21/2024,
1593,39.0,gf,3.125,mm,OK,--,10:03:46 AM,9/21/2024,
1594,39.0,gf,3.110,mm,OK,--,10:03:46 AM,9/21/2024,
1595,39.0,gf,3.105,mm,OK,--,10:03:46 AM,9/21/2024,
1596,38.9,gf,3.090,mm,OK,--,10:03:46 AM,9/21/2024,
1597,38.9,gf,3.085,mm,OK,--,10:03:47 AM,9/21/2024,
1598,38.9,gf,3.075,mm,OK,--,10:03:47 AM,9/21/2024,
1599,38.9,gf,3.075,mm,OK,--,10:03:47 AM,9/21/2024,
1600,38.9,gf,3.070,mm,OK,--,10:03:47 AM,9/21/2024,
1601,38.9,gf,3.065,mm,OK,--,10:03:47 AM,9/21/2024,
1602,38.9,gf,3.055,mm,OK,--,10:03:47 AM,9/21/2024,
1603,38.8,gf,3.050,mm,OK,--,10:03:47 AM,9/21/2024,
1604,38.8,gf,3.045,mm,OK,--,10:03:47 AM,9/21/2024,
1605,38.8,gf,3.040,mm,OK,--,10:03:47 AM,9/21/2024,
1606,38.7,gf,3.030,mm,OK,--,10:03:47 AM,9/21/2024,
1607,38.7,gf,3.025,mm,OK,--,10:03:48 AM,9/21/2024,
1608,38.7,gf,3.015,mm,OK,--,10:03:48 AM,9/21/2024,
1609,38.7,gf,3.010,mm,OK,--,10:03:48 AM,9/21/2024,
1610,38.7,gf,3.005,mm,OK,--,10:03:48 AM,9/21/2024,
1611,38.7,gf,2.995,mm,OK,--,10:03:48 AM,9/21/2024,
1612,38.7,gf,2.990,mm,OK,--,10:03:48 AM,9/21/2024,
1613,38.7,gf,2.985,mm,OK,--,10:03:48 AM,9/21/2024,
1614,38.6,gf,2.980,mm,OK,--,10:03:48 AM,9/21/2024,
1615,38.6,gf,2.975,mm,OK,--,10:03:48 AM,9/21/2024,
1616,38.6,gf,2.970,mm,OK,--,10:03:48 AM,9/21/2024,
1617,38.6,gf,2.965,mm,OK,--,10:03:49 AM,9/21/2024,
1618,38.6,gf,2.960,mm,OK,--,10:03:49 AM,9/21/2024,
1619,38.5,gf,2.950,mm,OK,--,10:03:49 AM,9/21/2024,
1620,38.5,gf,2.945,mm,OK,--,10:03:49 AM,9/21/2024,
1621,38.5,gf,2.935,mm,OK,--,10:03:49 AM,9/21/2024,
1622,38.5,gf,2.925,mm,OK,--,10:03:49 AM,9/21/2024,
1623,38.4,gf,2.920,mm,OK,--,10:03:49 AM,9/21/2024,
1624,38.4,gf,2.910,mm,OK,--,10:03:49 AM,9/21/2024,
1625,38.4,gf,2.900,mm,OK,--,10:03:49 AM,9/21/2024,
1626,38.4,gf,2.885,mm,OK,--,10:03:49 AM,9/21/2024,
1627,38.3,gf,2.880,mm,OK,--,10:03:50 AM,9/21/2024,
1628,38.3,gf,2.870,mm,OK,--,10:03:50 AM,9/21/2024,
1629,38.3,gf,2.870,mm,OK,--,10:03:50 AM,9/21/2024,
1630,38.3,gf,2.865,mm,OK,--,10:03:50 AM,9/21/2024,
1631,38.3,gf,2.860,mm,OK,--,10:03:50 AM,9/21/2024,
1632,38.3,gf,2.855,mm,OK,--,10:03:50 AM,9/21/2024,
1633,38.2,gf,2.850,mm,OK,--,10:03:50 AM,9/21/2024,
1634,38.2,gf,2.845,mm,OK,--,10:03:50 AM,9/21/2024,
1635,38.2,gf,2.840,mm,OK,--,10:03:50 AM,9/21/2024,
1636,38.2,gf,2.840,mm,OK,--,10:03:50 AM,9/21/2024,
1637,38.2,gf,2.835,mm,OK,--,10:03:51 AM,9/21/2024,
1638,38.2,gf,2.835,mm,OK,--,10:03:51 AM,9/21/2024,
1639,38.2,gf,2.830,mm,OK,--,10:03:51 AM,9/21/2024,
1640,38.2,gf,2.830,mm,OK,--,10:03:51 AM,9/21/2024,
1641,38.2,gf,2.825,mm,OK,--,10:03:51 AM,9/21/2024,
1642,38.2,gf,2.820,mm,OK,--,10:03:51 AM,9/21/2024,
1643,38.1,gf,2.815,mm,OK,--,10:03:51 AM,9/21/2024,
1644,38.1,gf,2.815,mm,OK,--,10:03:51 AM,9/21/2024,
1645,38.1,gf,2.810,mm,OK,--,10:03:51 AM,9/21/2024,
1646,38.1,gf,2.810,mm,OK,--,10:03:51 AM,9/21/2024,
1647,38.1,gf,2.805,mm,OK,--,10:03:52 AM,9/21/2024,
1648,38.1,gf,2.805,mm,OK,--,10:03:52 AM,9/21/2024,
1649,38.1,gf,2.800,mm,OK,--,10:03:52 AM,9/21/2024,
1650,38.1,gf,2.800,mm,OK,--,10:03:52 AM,9/21/2024,
1651,38.1,gf,2.795,mm,OK,--,10:03:52 AM,9/21/2024,
1652,38.1,gf,2.790,mm,OK,--,10:03:52 AM,9/21/2024,
1653,38.1,gf,2.785,mm,OK,--,10:03:52 AM,9/21/2024,
1654,38.0,gf,2.780,mm,OK,--,10:03:52 AM,9/21/2024,
1655,38.0,gf,2.775,mm,OK,--,10:03:52 AM,9/21/2024,
1656,38.0,gf,2.770,mm,OK,--,10:03:52 AM,9/21/2024,
1657,38.0,gf,2.765,mm,OK,--,10:03:53 AM,9/21/2024,
1658,38.0,gf,2.760,mm,OK,--,10:03:53 AM,9/21/2024,
1659,37.9,gf,2.755,mm,OK,--,10:03:53 AM,9/21/2024,
1660,37.9,gf,2.750,mm,OK,--,10:03:53 AM,9/21/2024,
1661,37.9,gf,2.745,mm,OK,--,10:03:53 AM,9/21/2024,
1662,37.9,gf,2.740,mm,OK,--,10:03:53 AM,9/21/2024,
1663,37.9,gf,2.730,mm,OK,--,10:03:53 AM,9/21/2024,
1664,37.9,gf,2.725,mm,OK,--,10:03:53 AM,9/21/2024,
1665,37.9,gf,2.720,mm,OK,--,10:03:53 AM,9/21/2024,
1666,37.8,gf,2.715,mm,OK,--,10:03:53 AM,9/21/2024,
1667,37.8,gf,2.710,mm,OK,--,10:03:54 AM,9/21/2024,
1668,37.8,gf,2.705,mm,OK,--,10:03:54 AM,9/21/2024,
1669,37.8,gf,2.700,mm,OK,--,10:03:54 AM,9/21/2024,
1670,37.8,gf,2.695,mm,OK,--,10:03:54 AM,9/21/2024,
1671,37.8,gf,2.690,mm,OK,--,10:03:54 AM,9/21/2024,
1672,37.8,gf,2.690,mm,OK,--,10:03:54 AM,9/21/2024,
1673,37.8,gf,2.685,mm,OK,--,10:03:54 AM,9/21/2024,
1674,37.8,gf,2.685,mm,OK,--,10:03:54 AM,9/21/2024,
1675,37.8,gf,2.685,mm,OK,--,10:03:54 AM,9/21/2024,
1676,37.7,gf,2.680,mm,OK,--,10:03:54 AM,9/21/2024,
1677,37.7,gf,2.675,mm,OK,--,10:03:55 AM,9/21/2024,
1678,37.8,gf,2.675,mm,OK,--,10:03:55 AM,9/21/2024,
1679,37.7,gf,2.675,mm,OK,--,10:03:55 AM,9/21/2024,
1680,37.7,gf,2.670,mm,OK,--,10:03:55 AM,9/21/2024,
1681,37.7,gf,2.665,mm,OK,--,10:03:55 AM,9/21/2024,
1682,37.7,gf,2.665,mm,OK,--,10:03:55 AM,9/21/2024,
1683,37.7,gf,2.660,mm,OK,--,10:03:55 AM,9/21/2024,
1684,37.7,gf,2.660,mm,OK,--,10:03:55 AM,9/21/2024,
1685,37.7,gf,2.655,mm,OK,--,10:03:55 AM,9/21/2024,
1686,37.7,gf,2.650,mm,OK,--,10:03:55 AM,9/21/2024,
1687,37.7,gf,2.650,mm,OK,--,10:03:56 AM,9/21/2024,
1688,37.7,gf,2.645,mm,OK,--,10:03:56 AM,9/21/2024,
1689,37.6,gf,2.640,mm,OK,--,10:03:56 AM,9/21/2024,
1690,37.5,gf,2.640,mm,OK,--,10:03:56 AM,9/21/2024,
1691,37.5,gf,2.635,mm,OK,--,10:03:56 AM,9/21/2024,
1692,37.6,gf,2.630,mm,OK,--,10:03:56 AM,9/21/2024,
1693,37.6,gf,2.630,mm,OK,--,10:03:56 AM,9/21/2024,
1694,37.5,gf,2.625,mm,OK,--,10:03:56 AM,9/21/2024,
1695,37.5,gf,2.620,mm,OK,--,10:03:56 AM,9/21/2024,
1696,37.5,gf,2.615,mm,OK,--,10:03:56 AM,9/21/2024,
1697,37.5,gf,2.610,mm,OK,--,10:03:57 AM,9/21/2024,
1698,37.4,gf,2.600,mm,OK,--,10:03:57 AM,9/21/2024,
1699,37.4,gf,2.590,mm,OK,--,10:03:57 AM,9/21/2024,
1700,37.3,gf,2.580,mm,OK,--,10:03:57 AM,9/21/2024,
1701,37.3,gf,2.575,mm,OK,--,10:03:57 AM,9/21/2024,
1702,37.3,gf,2.570,mm,OK,--,10:03:57 AM,9/21/2024,
1703,37.3,gf,2.565,mm,OK,--,10:03:57 AM,9/21/2024,
1704,37.2,gf,2.565,mm,OK,--,10:03:57 AM,9/21/2024,
1705,37.2,gf,2.560,mm,OK,--,10:03:57 AM,9/21/2024,
1706,37.2,gf,2.555,mm,OK,--,10:03:57 AM,9/21/2024,
1707,37.2,gf,2.550,mm,OK,--,10:03:58 AM,9/21/2024,
1708,37.2,gf,2.545,mm,OK,--,10:03:58 AM,9/21/2024,
1709,37.2,gf,2.540,mm,OK,--,10:03:58 AM,9/21/2024,
1710,37.2,gf,2.535,mm,OK,--,10:03:58 AM,9/21/2024,
1711,37.1,gf,2.530,mm,OK,--,10:03:58 AM,9/21/2024,
1712,37.2,gf,2.530,mm,OK,--,10:03:58 AM,9/21/2024,
1713,37.1,gf,2.525,mm,OK,--,10:03:58 AM,9/21/2024,
1714,37.1,gf,2.520,mm,OK,--,10:03:58 AM,9/21/2024,
1715,37.1,gf,2.515,mm,OK,--,10:03:58 AM,9/21/2024,
1716,37.1,gf,2.515,mm,OK,--,10:03:58 AM,9/21/2024,
1717,37.1,gf,2.505,mm,OK,--,10:03:59 AM,9/21/2024,
1718,37.1,gf,2.505,mm,OK,--,10:03:59 AM,9/21/2024,
1719,37.1,gf,2.500,mm,OK,--,10:03:59 AM,9/21/2024,
1720,37.1,gf,2.500,mm,OK,--,10:03:59 AM,9/21/2024,
1721,37.1,gf,2.495,mm,OK,--,10:03:59 AM,9/21/2024,
1722,37.0,gf,2.490,mm,OK,--,10:03:59 AM,9/21/2024,
1723,37.0,gf,2.490,mm,OK,--,10:03:59 AM,9/21/2024,
1724,37.0,gf,2.490,mm,OK,--,10:03:59 AM,9/21/2024,
1725,37.0,gf,2.485,mm,OK,--,10:03:59 AM,9/21/2024,
1726,37.0,gf,2.480,mm,OK,--,10:03:59 AM,9/21/2024,
1727,37.0,gf,2.475,mm,OK,--,10:04:00 AM,9/21/2024,
1728,37.0,gf,2.470,mm,OK,--,10:04:00 AM,9/21/2024,
1729,37.0,gf,2.470,mm,OK,--,10:04:00 AM,9/21/2024,
1730,37.0,gf,2.465,mm,OK,--,10:04:00 AM,9/21/2024,
1731,37.0,gf,2.465,mm,OK,--,10:04:00 AM,9/21/2024,
1732,37.0,gf,2.460,mm,OK,--,10:04:00 AM,9/21/2024,
1733,36.9,gf,2.460,mm,OK,--,10:04:00 AM,9/21/2024,
1734,36.9,gf,2.455,mm,OK,--,10:04:00 AM,9/21/2024,
1735,36.9,gf,2.455,mm,OK,--,10:04:00 AM,9/21/2024,
1736,36.9,gf,2.455,mm,OK,--,10:04:00 AM,9/21/2024,
1737,36.9,gf,2.455,mm,OK,--,10:04:01 AM,9/21/2024,
1738,36.9,gf,2.450,mm,OK,--,10:04:01 AM,9/21/2024,
1739,36.9,gf,2.450,mm,OK,--,10:04:01 AM,9/21/2024,
1740,36.9,gf,2.445,mm,OK,--,10:04:01 AM,9/21/2024,
1741,36.9,gf,2.440,mm,OK,--,10:04:01 AM,9/21/2024,
1742,36.9,gf,2.435,mm,OK,--,10:04:01 AM,9/21/2024,
1743,36.9,gf,2.430,mm,OK,--,10:04:01 AM,9/21/2024,
1744,36.8,gf,2.425,mm,OK,--,10:04:01 AM,9/21/2024,
1745,36.8,gf,2.420,mm,OK,--,10:04:01 AM,9/21/2024,
1746,36.7,gf,2.420,mm,OK,--,10:04:01 AM,9/21/2024,
1747,36.6,gf,2.415,mm,OK,--,10:04:02 AM,9/21/2024,
1748,36.7,gf,2.410,mm,OK,--,10:04:02 AM,9/21/2024,
1749,36.6,gf,2.405,mm,OK,--,10:04:02 AM,9/21/2024,
1750,36.6,gf,2.400,mm,OK,--,10:04:02 AM,9/21/2024,
1751,36.6,gf,2.400,mm,OK,--,10:04:02 AM,9/21/2024,
1752,36.5,gf,2.395,mm,OK,--,10:04:02 AM,9/21/2024,
1753,36.5,gf,2.390,mm,OK,--,10:04:02 AM,9/21/2024,
1754,36.5,gf,2.385,mm,OK,--,10:04:02 AM,9/21/2024,
1755,36.4,gf,2.385,mm,OK,--,10:04:02 AM,9/21/2024,
1756,36.4,gf,2.380,mm,OK,--,10:04:02 AM,9/21/2024,
1757,36.4,gf,2.375,mm,OK,--,10:04:03 AM,9/21/2024,
1758,36.4,gf,2.375,mm,OK,--,10:04:03 AM,9/21/2024,
1759,36.4,gf,2.370,mm,OK,--,10:04:03 AM,9/21/2024,
1760,36.3,gf,2.365,mm,OK,--,10:04:03 AM,9/21/2024,
1761,36.3,gf,2.365,mm,OK,--,10:04:03 AM,9/21/2024,
1762,36.3,gf,2.360,mm,OK,--,10:04:03 AM,9/21/2024,
1763,36.3,gf,2.355,mm,OK,--,10:04:03 AM,9/21/2024,
1764,36.3,gf,2.355,mm,OK,--,10:04:03 AM,9/21/2024,
1765,36.3,gf,2.350,mm,OK,--,10:04:03 AM,9/21/2024,
1766,36.3,gf,2.345,mm,OK,--,10:04:03 AM,9/21/2024,
1767,36.3,gf,2.340,mm,OK,--,10:04:04 AM,9/21/2024,
1768,36.3,gf,2.335,mm,OK,--,10:04:04 AM,9/21/2024,
1769,36.3,gf,2.335,mm,OK,--,10:04:04 AM,9/21/2024,
1770,36.2,gf,2.330,mm,OK,--,10:04:04 AM,9/21/2024,
1771,36.1,gf,2.325,mm,OK,--,10:04:04 AM,9/21/2024,
1772,36.0,gf,2.325,mm,OK,--,10:04:04 AM,9/21/2024,
1773,36.0,gf,2.320,mm,OK,--,10:04:04 AM,9/21/2024,
1774,35.9,gf,2.315,mm,OK,--,10:04:04 AM,9/21/2024,
1775,35.9,gf,2.310,mm,OK,--,10:04:04 AM,9/21/2024,
1776,35.9,gf,2.310,mm,OK,--,10:04:04 AM,9/21/2024,
1777,35.9,gf,2.305,mm,OK,--,10:04:05 AM,9/21/2024,
1778,35.8,gf,2.305,mm,OK,--,10:04:05 AM,9/21/2024,
1779,35.8,gf,2.305,mm,OK,--,10:04:05 AM,9/21/2024,
1780,35.9,gf,2.300,mm,OK,--,10:04:05 AM,9/21/2024,
1781,35.9,gf,2.300,mm,OK,--,10:04:05 AM,9/21/2024,
1782,35.8,gf,2.295,mm,OK,--,10:04:05 AM,9/21/2024,
1783,35.8,gf,2.290,mm,OK,--,10:04:05 AM,9/21/2024,
1784,35.8,gf,2.290,mm,OK,--,10:04:05 AM,9/21/2024,
1785,35.7,gf,2.285,mm,OK,--,10:04:05 AM,9/21/2024,
1786,35.7,gf,2.275,mm,OK,--,10:04:05 AM,9/21/2024,
1787,35.4,gf,2.265,mm,OK,--,10:04:06 AM,9/21/2024,
1788,35.1,gf,2.260,mm,OK,--,10:04:06 AM,9/21/2024,
1789,34.9,gf,2.250,mm,OK,--,10:04:06 AM,9/21/2024,
1790,34.8,gf,2.250,mm,OK,--,10:04:06 AM,9/21/2024,
1791,34.6,gf,2.245,mm,OK,--,10:04:06 AM,9/21/2024,
1792,34.4,gf,2.240,mm,OK,--,10:04:06 AM,9/21/2024,
1793,34.4,gf,2.235,mm,OK,--,10:04:06 AM,9/21/2024,
1794,34.2,gf,2.235,mm,OK,--,10:04:06 AM,9/21/2024,
1795,34.2,gf,2.230,mm,OK,--,10:04:06 AM,9/21/2024,
1796,34.1,gf,2.230,mm,OK,--,10:04:06 AM,9/21/2024,
1797,33.9,gf,2.225,mm,OK,--,10:04:07 AM,9/21/2024,
1798,33.6,gf,2.215,mm,OK,--,10:04:07 AM,9/21/2024,
1799,33.2,gf,2.205,mm,OK,--,10:04:07 AM,9/21/2024,
1800,32.9,gf,2.195,mm,OK,--,10:04:07 AM,9/21/2024,
1801,32.6,gf,2.190,mm,OK,--,10:04:07 AM,9/21/2024,
1802,32.5,gf,2.185,mm,OK,--,10:04:07 AM,9/21/2024,
1803,32.3,gf,2.180,mm,OK,--,10:04:07 AM,9/21/2024,
1804,32.2,gf,2.175,mm,OK,--,10:04:07 AM,9/21/2024,
1805,32.0,gf,2.175,mm,OK,--,10:04:07 AM,9/21/2024,
1806,31.6,gf,2.165,mm,OK,--,10:04:07 AM,9/21/2024,
1807,31.5,gf,2.160,mm,OK,--,10:04:08 AM,9/21/2024,
1808,31.3,gf,2.150,mm,OK,--,10:04:08 AM,9/21/2024,
1809,31.0,gf,2.145,mm,OK,--,10:04:08 AM,9/21/2024,
1810,30.8,gf,2.140,mm,OK,--,10:04:08 AM,9/21/2024,
1811,30.6,gf,2.135,mm,OK,--,10:04:08 AM,9/21/2024,
1812,30.5,gf,2.130,mm,OK,--,10:04:08 AM,9/21/2024,
1813,30.3,gf,2.125,mm,OK,--,10:04:08 AM,9/21/2024,
1814,30.0,gf,2.115,mm,OK,--,10:04:08 AM,9/21/2024,
1815,29.9,gf,2.110,mm,OK,--,10:04:08 AM,9/21/2024,
1816,29.9,gf,2.105,mm,OK,--,10:04:08 AM,9/21/2024,
1817,29.9,gf,2.100,mm,OK,--,10:04:09 AM,9/21/2024,
1818,29.9,gf,2.095,mm,OK,--,10:04:09 AM,9/21/2024,
1819,29.8,gf,2.090,mm,OK,--,10:04:09 AM,9/21/2024,
1820,29.6,gf,2.085,mm,OK,--,10:04:09 AM,9/21/2024,
1821,29.6,gf,2.080,mm,OK,--,10:04:09 AM,9/21/2024,
1822,29.5,gf,2.075,mm,OK,--,10:04:09 AM,9/21/2024,
1823,29.6,gf,2.065,mm,OK,--,10:04:09 AM,9/21/2024,
1824,29.7,gf,2.060,mm,OK,--,10:04:09 AM,9/21/2024,
1825,29.7,gf,2.055,mm,OK,--,10:04:09 AM,9/21/2024,
1826,29.7,gf,2.050,mm,OK,--,10:04:09 AM,9/21/2024,
1827,29.5,gf,2.045,mm,OK,--,10:04:10 AM,9/21/2024,
1828,29.5,gf,2.040,mm,OK,--,10:04:10 AM,9/21/2024,
1829,29.4,gf,2.035,mm,OK,--,10:04:10 AM,9/21/2024,
1830,29.3,gf,2.030,mm,OK,--,10:04:10 AM,9/21/2024,
1831,29.4,gf,2.025,mm,OK,--,10:04:10 AM,9/21/2024,
1832,29.4,gf,2.015,mm,OK,--,10:04:10 AM,9/21/2024,
1833,29.3,gf,2.010,mm,OK,--,10:04:10 AM,9/21/2024,
1834,29.2,gf,2.005,mm,OK,--,10:04:10 AM,9/21/2024,
1835,29.2,gf,2.000,mm,OK,--,10:04:10 AM,9/21/2024,
1836,29.3,gf,2.000,mm,OK,--,10:04:10 AM,9/21/2024,
1837,29.3,gf,1.995,mm,OK,--,10:04:11 AM,9/21/2024,
1838,29.3,gf,1.990,mm,OK,--,10:04:11 AM,9/21/2024,
1839,29.3,gf,1.985,mm,OK,--,10:04:11 AM,9/21/2024,
1840,29.3,gf,1.980,mm,OK,--,10:04:11 AM,9/21/2024,
1841,29.3,gf,1.975,mm,OK,--,10:04:11 AM,9/21/2024,
1842,29.3,gf,1.970,mm,OK,--,10:04:11 AM,9/21/2024,
1843,29.3,gf,1.965,mm,OK,--,10:04:11 AM,9/21/2024,
1844,29.1,gf,1.965,mm,OK,--,10:04:11 AM,9/21/2024,
1845,29.1,gf,1.960,mm,OK,--,10:04:11 AM,9/21/2024,
1846,29.1,gf,1.955,mm,OK,--,10:04:11 AM,9/21/2024,
1847,29.1,gf,1.950,mm,OK,--,10:04:12 AM,9/21/2024,
1848,29.1,gf,1.945,mm,OK,--,10:04:12 AM,9/21/2024,
1849,29.1,gf,1.945,mm,OK,--,10:04:12 AM,9/21/2024,
1850,29.1,gf,1.940,mm,OK,--,10:04:12 AM,9/21/2024,
1851,29.1,gf,1.940,mm,OK,--,10:04:12 AM,9/21/2024,
1852,29.0,gf,1.935,mm,OK,--,10:04:12 AM,9/21/2024,
1853,29.0,gf,1.935,mm,OK,--,10:04:12 AM,9/21/2024,
1854,28.9,gf,1.930,mm,OK,--,10:04:12 AM,9/21/2024,
1855,29.1,gf,1.930,mm,OK,--,10:04:12 AM,9/21/2024,
1856,29.0,gf,1.925,mm,OK,--,10:04:12 AM,9/21/2024,
1857,29.0,gf,1.925,mm,OK,--,10:04:13 AM,9/21/2024,
1858,29.0,gf,1.920,mm,OK,--,10:04:13 AM,9/21/2024,
1859,28.9,gf,1.920,mm,OK,--,10:04:13 AM,9/21/2024,
1860,28.9,gf,1.920,mm,OK,--,10:04:13 AM,9/21/2024,
1861,28.7,gf,1.915,mm,OK,--,10:04:13 AM,9/21/2024,
1862,28.7,gf,1.910,mm,OK,--,10:04:13 AM,9/21/2024,
1863,28.7,gf,1.905,mm,OK,--,10:04:13 AM,9/21/2024,
1864,28.6,gf,1.905,mm,OK,--,10:04:13 AM,9/21/2024,
1865,28.6,gf,1.900,mm,OK,--,10:04:13 AM,9/21/2024,
1866,28.6,gf,1.900,mm,OK,--,10:04:13 AM,9/21/2024,
1867,28.5,gf,1.895,mm,OK,--,10:04:14 AM,9/21/2024,
1868,28.5,gf,1.890,mm,OK,--,10:04:14 AM,9/21/2024,
1869,28.3,gf,1.885,mm,OK,--,10:04:14 AM,9/21/2024,
1870,28.4,gf,1.880,mm,OK,--,10:04:14 AM,9/21/2024,
1871,28.2,gf,1.875,mm,OK,--,10:04:14 AM,9/21/2024,
1872,28.3,gf,1.870,mm,OK,--,10:04:14 AM,9/21/2024,
1873,28.2,gf,1.865,mm,OK,--,10:04:14 AM,9/21/2024,
1874,28.2,gf,1.860,mm,OK,--,10:04:14 AM,9/21/2024,
1875,28.3,gf,1.855,mm,OK,--,10:04:14 AM,9/21/2024,
1876,28.3,gf,1.850,mm,OK,--,10:04:14 AM,9/21/2024,
1877,28.2,gf,1.845,mm,OK,--,10:04:15 AM,9/21/2024,
1878,28.2,gf,1.840,mm,OK,--,10:04:15 AM,9/21/2024,
1879,28.2,gf,1.830,mm,OK,--,10:04:15 AM,9/21/2024,
1880,28.2,gf,1.820,mm,OK,--,10:04:15 AM,9/21/2024,
1881,28.2,gf,1.810,mm,OK,--,10:04:15 AM,9/21/2024,
1882,27.9,gf,1.800,mm,OK,--,10:04:15 AM,9/21/2024,
1883,27.7,gf,1.790,mm,OK,--,10:04:15 AM,9/21/2024,
1884,27.7,gf,1.780,mm,OK,--,10:04:15 AM,9/21/2024,
1885,27.6,gf,1.765,mm,OK,--,10:04:15 AM,9/21/2024,
1886,27.6,gf,1.750,mm,OK,--,10:04:15 AM,9/21/2024,
1887,27.6,gf,1.730,mm,OK,--,10:04:16 AM,9/21/2024,
1888,27.3,gf,1.720,mm,OK,--,10:04:16 AM,9/21/2024,
1889,27.1,gf,1.705,mm,OK,--,10:04:16 AM,9/21/2024,
1890,27.0,gf,1.695,mm,OK,--,10:04:16 AM,9/21/2024,
1891,27.0,gf,1.685,mm,OK,--,10:04:16 AM,9/21/2024,
1892,27.0,gf,1.675,mm,OK,--,10:04:16 AM,9/21/2024,
1893,26.9,gf,1.670,mm,OK,--,10:04:16 AM,9/21/2024,
1894,26.8,gf,1.660,mm,OK,--,10:04:16 AM,9/21/2024,
1895,26.7,gf,1.645,mm,OK,--,10:04:16 AM,9/21/2024,
1896,26.7,gf,1.640,mm,OK,--,10:04:16 AM,9/21/2024,
1897,26.7,gf,1.630,mm,OK,--,10:04:17 AM,9/21/2024,
1898,26.7,gf,1.625,mm,OK,--,10:04:17 AM,9/21/2024,
1899,26.7,gf,1.625,mm,OK,--,10:04:17 AM,9/21/2024,
1900,26.6,gf,1.620,mm,OK,--,10:04:17 AM,9/21/2024,
1901,26.4,gf,1.615,mm,OK,--,10:04:17 AM,9/21/2024,
1902,26.5,gf,1.610,mm,OK,--,10:04:17 AM,9/21/2024,
1903,26.6,gf,1.605,mm,OK,--,10:04:17 AM,9/21/2024,
1904,26.7,gf,1.600,mm,OK,--,10:04:17 AM,9/21/2024,
1905,26.6,gf,1.600,mm,OK,--,10:04:17 AM,9/21/2024,
1906,26.6,gf,1.595,mm,OK,--,10:04:17 AM,9/21/2024,
1907,26.5,gf,1.590,mm,OK,--,10:04:18 AM,9/21/2024,
1908,26.4,gf,1.585,mm,OK,--,10:04:18 AM,9/21/2024,
1909,26.4,gf,1.580,mm,OK,--,10:04:18 AM,9/21/2024,
1910,26.4,gf,1.575,mm,OK,--,10:04:18 AM,9/21/2024,
1911,26.2,gf,1.565,mm,OK,--,10:04:18 AM,9/21/2024,
1912,26.1,gf,1.560,mm,OK,--,10:04:18 AM,9/21/2024,
1913,26.2,gf,1.555,mm,OK,--,10:04:18 AM,9/21/2024,
1914,26.0,gf,1.550,mm,OK,--,10:04:18 AM,9/21/2024,
1915,26.1,gf,1.545,mm,OK,--,10:04:18 AM,9/21/2024,
1916,26.1,gf,1.545,mm,OK,--,10:04:18 AM,9/21/2024,
1917,26.1,gf,1.540,mm,OK,--,10:04:19 AM,9/21/2024,
1918,26.0,gf,1.535,mm,OK,--,10:04:19 AM,9/21/2024,
1919,26.0,gf,1.525,mm,OK,--,10:04:19 AM,9/21/2024,
1920,26.0,gf,1.520,mm,OK,--,10:04:19 AM,9/21/2024,
1921,26.0,gf,1.515,mm,OK,--,10:04:19 AM,9/21/2024,
1922,26.0,gf,1.510,mm,OK,--,10:04:19 AM,9/21/2024,
1923,26.0,gf,1.505,mm,OK,--,10:04:19 AM,9/21/2024,
1924,26.0,gf,1.500,mm,OK,--,10:04:19 AM,9/21/2024,
1925,25.9,gf,1.495,mm,OK,--,10:04:19 AM,9/21/2024,
1926,25.8,gf,1.490,mm,OK,--,10:04:19 AM,9/21/2024,
1927,26.0,gf,1.485,mm,OK,--,10:04:20 AM,9/21/2024,
1928,26.1,gf,1.480,mm,OK,--,10:04:20 AM,9/21/2024,
1929,25.9,gf,1.475,mm,OK,--,10:04:20 AM,9/21/2024,
1930,25.9,gf,1.475,mm,OK,--,10:04:20 AM,9/21/2024,
1931,26.0,gf,1.470,mm,OK,--,10:04:20 AM,9/21/2024,
1932,25.9,gf,1.465,mm,OK,--,10:04:20 AM,9/21/2024,
1933,25.6,gf,1.460,mm,OK,--,10:04:20 AM,9/21/2024,
1934,25.6,gf,1.455,mm,OK,--,10:04:20 AM,9/21/2024,
1935,25.6,gf,1.450,mm,OK,--,10:04:20 AM,9/21/2024,
1936,25.6,gf,1.440,mm,OK,--,10:04:20 AM,9/21/2024,
1937,25.6,gf,1.435,mm,OK,--,10:04:21 AM,9/21/2024,
1938,25.5,gf,1.425,mm,OK,--,10:04:21 AM,9/21/2024,
1939,25.5,gf,1.420,mm,OK,--,10:04:21 AM,9/21/2024,
1940,25.4,gf,1.415,mm,OK,--,10:04:21 AM,9/21/2024,
1941,25.3,gf,1.410,mm,OK,--,10:04:21 AM,9/21/2024,
1942,25.4,gf,1.400,mm,OK,--,10:04:21 AM,9/21/2024,
1943,25.4,gf,1.390,mm,OK,--,10:04:21 AM,9/21/2024,
1944,25.4,gf,1.385,mm,OK,--,10:04:21 AM,9/21/2024,
1945,25.3,gf,1.380,mm,OK,--,10:04:21 AM,9/21/2024,
1946,25.2,gf,1.370,mm,OK,--,10:04:21 AM,9/21/2024,
1947,25.3,gf,1.365,mm,OK,--,10:04:22 AM,9/21/2024,
1948,25.3,gf,1.360,mm,OK,--,10:04:22 AM,9/21/2024,
1949,25.2,gf,1.360,mm,OK,--,10:04:22 AM,9/21/2024,
1950,25.0,gf,1.355,mm,OK,--,10:04:22 AM,9/21/2024,
1951,25.0,gf,1.350,mm,OK,--,10:04:22 AM,9/21/2024,
1952,25.0,gf,1.345,mm,OK,--,10:04:22 AM,9/21/2024,
1953,24.9,gf,1.340,mm,OK,--,10:04:22 AM,9/21/2024,
1954,25.0,gf,1.335,mm,OK,--,10:04:22 AM,9/21/2024,
1955,24.9,gf,1.330,mm,OK,--,10:04:22 AM,9/21/2024,
1956,24.9,gf,1.330,mm,OK,--,10:04:22 AM,9/21/2024,
1957,24.9,gf,1.325,mm,OK,--,10:04:23 AM,9/21/2024,
1958,24.6,gf,1.325,mm,OK,--,10:04:23 AM,9/21/2024,
1959,24.6,gf,1.320,mm,OK,--,10:04:23 AM,9/21/2024,
1960,24.6,gf,1.315,mm,OK,--,10:04:23 AM,9/21/2024,
1961,24.6,gf,1.310,mm,OK,--,10:04:23 AM,9/21/2024,
1962,24.5,gf,1.300,mm,OK,--,10:04:23 AM,9/21/2024,
1963,24.7,gf,1.295,mm,OK,--,10:04:23 AM,9/21/2024,
1964,24.7,gf,1.295,mm,OK,--,10:04:23 AM,9/21/2024,
1965,24.6,gf,1.290,mm,OK,--,10:04:23 AM,9/21/2024,
1966,24.5,gf,1.285,mm,OK,--,10:04:23 AM,9/21/2024,
1967,24.5,gf,1.280,mm,OK,--,10:04:24 AM,9/21/2024,
1968,24.4,gf,1.275,mm,OK,--,10:04:24 AM,9/21/2024,
1969,24.4,gf,1.270,mm,OK,--,10:04:24 AM,9/21/2024,
1970,24.3,gf,1.265,mm,OK,--,10:04:24 AM,9/21/2024,
1971,24.3,gf,1.260,mm,OK,--,10:04:24 AM,9/21/2024,
1972,24.2,gf,1.255,mm,OK,--,10:04:24 AM,9/21/2024,
1973,24.2,gf,1.255,mm,OK,--,10:04:24 AM,9/21/2024,
1974,24.2,gf,1.250,mm,OK,--,10:04:24 AM,9/21/2024,
1975,24.1,gf,1.240,mm,OK,--,10:04:24 AM,9/21/2024,
1976,24.2,gf,1.235,mm,OK,--,10:04:24 AM,9/21/2024,
1977,24.2,gf,1.230,mm,OK,--,10:04:25 AM,9/21/2024,
1978,24.0,gf,1.220,mm,OK,--,10:04:25 AM,9/21/2024,
1979,23.9,gf,1.210,mm,OK,--,10:04:25 AM,9/21/2024,
1980,23.8,gf,1.200,mm,OK,--,10:04:25 AM,9/21/2024,
1981,23.8,gf,1.190,mm,OK,--,10:04:25 AM,9/21/2024,
1982,23.8,gf,1.180,mm,OK,--,10:04:25 AM,9/21/2024,
1983,23.6,gf,1.170,mm,OK,--,10:04:25 AM,9/21/2024,
1984,23.6,gf,1.165,mm,OK,--,10:04:25 AM,9/21/2024,
1985,23.3,gf,1.155,mm,OK,--,10:04:25 AM,9/21/2024,
1986,23.3,gf,1.150,mm,OK,--,10:04:25 AM,9/21/2024,
1987,23.3,gf,1.140,mm,OK,--,10:04:26 AM,9/21/2024,
1988,23.3,gf,1.135,mm,OK,--,10:04:26 AM,9/21/2024,
1989,23.4,gf,1.130,mm,OK,--,10:04:26 AM,9/21/2024,
1990,22.9,gf,1.125,mm,OK,--,10:04:26 AM,9/21/2024,
1991,22.9,gf,1.115,mm,OK,--,10:04:26 AM,9/21/2024,
1992,23.0,gf,1.105,mm,OK,--,10:04:26 AM,9/21/2024,
1993,23.0,gf,1.100,mm,OK,--,10:04:26 AM,9/21/2024,
1994,22.9,gf,1.090,mm,OK,--,10:04:26 AM,9/21/2024,
1995,22.7,gf,1.085,mm,OK,--,10:04:26 AM,9/21/2024,
1996,22.8,gf,1.075,mm,OK,--,10:04:26 AM,9/21/2024,
1997,22.8,gf,1.075,mm,OK,--,10:04:27 AM,9/21/2024,
1998,22.6,gf,1.070,mm,OK,--,10:04:27 AM,9/21/2024,
1999,22.6,gf,1.065,mm,OK,--,10:04:27 AM,9/21/2024,
2000,22.6,gf,1.060,mm,OK,--,10:04:27 AM,9/21/2024,
2001,22.6,gf,1.055,mm,OK,--,10:04:27 AM,9/21/2024,
2002,22.5,gf,1.050,mm,OK,--,10:04:27 AM,9/21/2024,
2003,22.4,gf,1.045,mm,OK,--,10:04:27 AM,9/21/2024,
2004,22.4,gf,1.040,mm,OK,--,10:04:27 AM,9/21/2024,
2005,22.4,gf,1.040,mm,OK,--,10:04:27 AM,9/21/2024,
2006,22.4,gf,1.035,mm,OK,--,10:04:27 AM,9/21/2024,
2007,22.3,gf,1.030,mm,OK,--,10:04:28 AM,9/21/2024,
2008,22.2,gf,1.025,mm,OK,--,10:04:28 AM,9/21/2024,
2009,22.2,gf,1.020,mm,OK,--,10:04:28 AM,9/21/2024,
2010,22.3,gf,1.020,mm,OK,--,10:04:28 AM,9/21/2024,
2011,22.0,gf,1.015,mm,OK,--,10:04:28 AM,9/21/2024,
2012,22.0,gf,1.010,mm,OK,--,10:04:28 AM,9/21/2024,
2013,22.1,gf,1.000,mm,OK,--,10:04:28 AM,9/21/2024,
2014,22.3,gf,1.000,mm,OK,--,10:04:28 AM,9/21/2024,
2015,22.2,gf,0.995,mm,OK,--,10:04:28 AM,9/21/2024,
2016,22.0,gf,0.990,mm,OK,--,10:04:28 AM,9/21/2024,
2017,22.0,gf,0.985,mm,OK,--,10:04:29 AM,9/21/2024,
2018,22.0,gf,0.980,mm,OK,--,10:04:29 AM,9/21/2024,
2019,22.1,gf,0.975,mm,OK,--,10:04:29 AM,9/21/2024,
2020,22.1,gf,0.970,mm,OK,--,10:04:29 AM,9/21/2024,
2021,22.1,gf,0.960,mm,OK,--,10:04:29 AM,9/21/2024,
2022,22.1,gf,0.955,mm,OK,--,10:04:29 AM,9/21/2024,
2023,22.0,gf,0.950,mm,OK,--,10:04:29 AM,9/21/2024,
2024,21.8,gf,0.945,mm,OK,--,10:04:29 AM,9/21/2024,
2025,21.8,gf,0.930,mm,OK,--,10:04:29 AM,9/21/2024,
2026,21.7,gf,0.920,mm,OK,--,10:04:29 AM,9/21/2024,
2027,21.6,gf,0.915,mm,OK,--,10:04:30 AM,9/21/2024,
2028,21.5,gf,0.905,mm,OK,--,10:04:30 AM,9/21/2024,
2029,21.5,gf,0.900,mm,OK,--,10:04:30 AM,9/21/2024,
2030,21.5,gf,0.895,mm,OK,--,10:04:30 AM,9/21/2024,
2031,21.5,gf,0.885,mm,OK,--,10:04:30 AM,9/21/2024,
2032,21.4,gf,0.880,mm,OK,--,10:04:30 AM,9/21/2024,
2033,21.3,gf,0.870,mm,OK,--,10:04:30 AM,9/21/2024,
2034,21.3,gf,0.860,mm,OK,--,10:04:30 AM,9/21/2024,
2035,21.3,gf,0.850,mm,OK,--,10:04:30 AM,9/21/2024,
2036,21.2,gf,0.845,mm,OK,--,10:04:30 AM,9/21/2024,
2037,21.2,gf,0.835,mm,OK,--,10:04:31 AM,9/21/2024,
2038,21.1,gf,0.830,mm,OK,--,10:04:31 AM,9/21/2024,
2039,21.0,gf,0.820,mm,OK,--,10:04:31 AM,9/21/2024,
2040,21.2,gf,0.810,mm,OK,--,10:04:31 AM,9/21/2024,
2041,21.1,gf,0.800,mm,OK,--,10:04:31 AM,9/21/2024,
2042,21.0,gf,0.795,mm,OK,--,10:04:31 AM,9/21/2024,
2043,21.0,gf,0.785,mm,OK,--,10:04:31 AM,9/21/2024,
2044,21.0,gf,0.780,mm,OK,--,10:04:31 AM,9/21/2024,
2045,21.0,gf,0.775,mm,OK,--,10:04:31 AM,9/21/2024,
2046,20.8,gf,0.770,mm,OK,--,10:04:31 AM,9/21/2024,
2047,20.8,gf,0.765,mm,OK,--,10:04:32 AM,9/21/2024,
2048,20.8,gf,0.755,mm,OK,--,10:04:32 AM,9/21/2024,
2049,20.7,gf,0.750,mm,OK,--,10:04:32 AM,9/21/2024,
2050,20.6,gf,0.745,mm,OK,--,10:04:32 AM,9/21/2024,
2051,20.6,gf,0.740,mm,OK,--,10:04:32 AM,9/21/2024,
2052,20.6,gf,0.730,mm,OK,--,10:04:32 AM,9/21/2024,
2053,20.6,gf,0.725,mm,OK,--,10:04:32 AM,9/21/2024,
2054,20.6,gf,0.715,mm,OK,--,10:04:32 AM,9/21/2024,
2055,20.7,gf,0.710,mm,OK,--,10:04:32 AM,9/21/2024,
2056,20.6,gf,0.705,mm,OK,--,10:04:32 AM,9/21/2024,
2057,20.6,gf,0.700,mm,OK,--,10:04:33 AM,9/21/2024,
2058,20.5,gf,0.690,mm,OK,--,10:04:33 AM,9/21/2024,
2059,20.4,gf,0.685,mm,OK,--,10:04:33 AM,9/21/2024,
2060,20.5,gf,0.675,mm,OK,--,10:04:33 AM,9/21/2024,
2061,20.5,gf,0.670,mm,OK,--,10:04:33 AM,9/21/2024,
2062,20.5,gf,0.665,mm,OK,--,10:04:33 AM,9/21/2024,
2063,20.5,gf,0.660,mm,OK,--,10:04:33 AM,9/21/2024,
2064,20.4,gf,0.655,mm,OK,--,10:04:33 AM,9/21/2024,
2065,20.5,gf,0.650,mm,OK,--,10:04:33 AM,9/21/2024,
2066,20.8,gf,0.650,mm,OK,--,10:04:33 AM,9/21/2024,
2067,20.3,gf,0.645,mm,OK,--,10:04:34 AM,9/21/2024,
2068,20.5,gf,0.640,mm,OK,--,10:04:34 AM,9/21/2024,
2069,20.4,gf,0.635,mm,OK,--,10:04:34 AM,9/21/2024,
2070,20.4,gf,0.630,mm,OK,--,10:04:34 AM,9/21/2024,
2071,20.3,gf,0.620,mm,OK,--,10:04:34 AM,9/21/2024,
2072,20.3,gf,0.610,mm,OK,--,10:04:34 AM,9/21/2024,
2073,20.4,gf,0.605,mm,OK,--,10:04:34 AM,9/21/2024,
2074,20.5,gf,0.600,mm,OK,--,10:04:34 AM,9/21/2024,
2075,20.3,gf,0.595,mm,OK,--,10:04:34 AM,9/21/2024,
2076,20.2,gf,0.590,mm,OK,--,10:04:34 AM,9/21/2024,
2077,20.3,gf,0.585,mm,OK,--,10:04:35 AM,9/21/2024,
2078,20.3,gf,0.575,mm,OK,--,10:04:35 AM,9/21/2024,
2079,20.1,gf,0.570,mm,OK,--,10:04:35 AM,9/21/2024,
2080,20.2,gf,0.565,mm,OK,--,10:04:35 AM,9/21/2024,
2081,20.1,gf,0.560,mm,OK,--,10:04:35 AM,9/21/2024,
2082,20.0,gf,0.555,mm,OK,--,10:04:35 AM,9/21/2024,
2083,20.0,gf,0.550,mm,OK,--,10:04:35 AM,9/21/2024,
2084,19.9,gf,0.545,mm,OK,--,10:04:35 AM,9/21/2024,
2085,20.0,gf,0.540,mm,OK,--,10:04:35 AM,9/21/2024,
2086,20.1,gf,0.535,mm,OK,--,10:04:35 AM,9/21/2024,
2087,19.9,gf,0.530,mm,OK,--,10:04:36 AM,9/21/2024,
2088,19.8,gf,0.525,mm,OK,--,10:04:36 AM,9/21/2024,
2089,20.0,gf,0.525,mm,OK,--,10:04:36 AM,9/21/2024,
2090,20.0,gf,0.520,mm,OK,--,10:04:36 AM,9/21/2024,
2091,20.1,gf,0.515,mm,OK,--,10:04:36 AM,9/21/2024,
2092,20.0,gf,0.515,mm,OK,--,10:04:36 AM,9/21/2024,
2093,19.8,gf,0.515,mm,OK,--,10:04:36 AM,9/21/2024,
2094,19.7,gf,0.510,mm,OK,--,10:04:36 AM,9/21/2024,
2095,19.8,gf,0.510,mm,OK,--,10:04:36 AM,9/21/2024,
2096,19.8,gf,0.505,mm,OK,--,10:04:36 AM,9/21/2024,
2097,19.8,gf,0.500,mm,OK,--,10:04:37 AM,9/21/2024,
2098,19.9,gf,0.500,mm,OK,--,10:04:37 AM,9/21/2024,
2099,19.7,gf,0.495,mm,OK,--,10:04:37 AM,9/21/2024,
2100,19.8,gf,0.490,mm,OK,--,10:04:37 AM,9/21/2024,
2101,19.7,gf,0.485,mm,OK,--,10:04:37 AM,9/21/2024,
2102,19.6,gf,0.480,mm,OK,--,10:04:37 AM,9/21/2024,
2103,19.7,gf,0.475,mm,OK,--,10:04:37 AM,9/21/2024,
2104,19.8,gf,0.470,mm,OK,--,10:04:37 AM,9/21/2024,
2105,19.7,gf,0.465,mm,OK,--,10:04:37 AM,9/21/2024,
2106,19.7,gf,0.460,mm,OK,--,10:04:37 AM,9/21/2024,
2107,19.7,gf,0.460,mm,OK,--,10:04:38 AM,9/21/2024,
2108,19.7,gf,0.455,mm,OK,--,10:04:38 AM,9/21/2024,
2109,19.8,gf,0.450,mm,OK,--,10:04:38 AM,9/21/2024,
2110,19.8,gf,0.445,mm,OK,--,10:04:38 AM,9/21/2024,
2111,19.8,gf,0.445,mm,OK,--,10:04:38 AM,9/21/2024,
2112,19.7,gf,0.440,mm,OK,--,10:04:38 AM,9/21/2024,
2113,19.6,gf,0.435,mm,OK,--,10:04:38 AM,9/21/2024,
2114,19.4,gf,0.430,mm,OK,--,10:04:38 AM,9/21/2024,
2115,19.6,gf,0.425,mm,OK,--,10:04:38 AM,9/21/2024,
2116,19.5,gf,0.420,mm,OK,--,10:04:38 AM,9/21/2024,
2117,19.5,gf,0.410,mm,OK,--,10:04:39 AM,9/21/2024,
2118,19.4,gf,0.400,mm,OK,--,10:04:39 AM,9/21/2024,
2119,19.4,gf,0.395,mm,OK,--,10:04:39 AM,9/21/2024,
2120,19.3,gf,0.385,mm,OK,--,10:04:39 AM,9/21/2024,
2121,19.3,gf,0.380,mm,OK,--,10:04:39 AM,9/21/2024,
2122,19.2,gf,0.370,mm,OK,--,10:04:39 AM,9/21/2024,
2123,19.3,gf,0.365,mm,OK,--,10:04:39 AM,9/21/2024,
2124,19.2,gf,0.355,mm,OK,--,10:04:39 AM,9/21/2024,
2125,19.3,gf,0.345,mm,OK,--,10:04:39 AM,9/21/2024,
2126,19.6,gf,0.340,mm,OK,--,10:04:39 AM,9/21/2024,
2127,19.4,gf,0.335,mm,OK,--,10:04:40 AM,9/21/2024,
2128,19.3,gf,0.335,mm,OK,--,10:04:40 AM,9/21/2024,
2129,19.3,gf,0.330,mm,OK,--,10:04:40 AM,9/21/2024,
2130,19.2,gf,0.330,mm,OK,--,10:04:40 AM,9/21/2024,
2131,19.1,gf,0.325,mm,OK,--,10:04:40 AM,9/21/2024,
2132,18.9,gf,0.325,mm,OK,--,10:04:40 AM,9/21/2024,
2133,19.0,gf,0.320,mm,OK,--,10:04:40 AM,9/21/2024,
2134,19.0,gf,0.315,mm,OK,--,10:04:40 AM,9/21/2024,
2135,19.1,gf,0.310,mm,OK,--,10:04:40 AM,9/21/2024,
2136,18.8,gf,0.310,mm,OK,--,10:04:40 AM,9/21/2024,
2137,18.8,gf,0.305,mm,OK,--,10:04:41 AM,9/21/2024,
2138,18.8,gf,0.300,mm,OK,--,10:04:41 AM,9/21/2024,
2139,18.8,gf,0.295,mm,OK,--,10:04:41 AM,9/21/2024,
2140,18.7,gf,0.295,mm,OK,--,10:04:41 AM,9/21/2024,
2141,18.8,gf,0.290,mm,OK,--,10:04:41 AM,9/21/2024,
2142,18.5,gf,0.280,mm,OK,--,10:04:41 AM,9/21/2024,
2143,18.6,gf,0.270,mm,OK,--,10:04:41 AM,9/21/2024,
2144,18.6,gf,0.260,mm,OK,--,10:04:41 AM,9/21/2024,
2145,18.6,gf,0.250,mm,OK,--,10:04:41 AM,9/21/2024,
2146,18.7,gf,0.245,mm,OK,--,10:04:41 AM,9/21/2024,
2147,18.6,gf,0.235,mm,OK,--,10:04:42 AM,9/21/2024,
2148,18.7,gf,0.230,mm,OK,--,10:04:42 AM,9/21/2024,
2149,18.6,gf,0.220,mm,OK,--,10:04:42 AM,9/21/2024,
2150,18.5,gf,0.205,mm,OK,--,10:04:42 AM,9/21/2024,
2151,18.6,gf,0.195,mm,OK,--,10:04:42 AM,9/21/2024,
2152,18.5,gf,0.185,mm,OK,--,10:04:42 AM,9/21/2024,
2153,18.7,gf,0.175,mm,OK,--,10:04:42 AM,9/21/2024,
2154,18.7,gf,0.170,mm,OK,--,10:04:42 AM,9/21/2024,
2155,18.5,gf,0.165,mm,OK,--,10:04:42 AM,9/21/2024,
2156,18.5,gf,0.160,mm,OK,--,10:04:42 AM,9/21/2024,
2157,18.5,gf,0.155,mm,OK,--,10:04:43 AM,9/21/2024,
2158,18.4,gf,0.150,mm,OK,--,10:04:43 AM,9/21/2024,
2159,18.5,gf,0.145,mm,OK,--,10:04:43 AM,9/21/2024,
2160,18.4,gf,0.140,mm,OK,--,10:04:43 AM,9/21/2024,
2161,18.4,gf,0.135,mm,OK,--,10:04:43 AM,9/21/2024,
2162,18.2,gf,0.130,mm,OK,--,10:04:43 AM,9/21/2024,
2163,18.2,gf,0.125,mm,OK,--,10:04:43 AM,9/21/2024,
2164,18.1,gf,0.125,mm,OK,--,10:04:43 AM,9/21/2024,
2165,17.9,gf,0.120,mm,OK,--,10:04:43 AM,9/21/2024,
2166,17.8,gf,0.115,mm,OK,--,10:04:43 AM,9/21/2024,
2167,18.0,gf,0.110,mm,OK,--,10:04:44 AM,9/21/2024,
2168,18.0,gf,0.105,mm,OK,--,10:04:44 AM,9/21/2024,
2169,17.9,gf,0.100,mm,OK,--,10:04:44 AM,9/21/2024,
2170,17.8,gf,0.095,mm,OK,--,10:04:44 AM,9/21/2024,
2171,16.8,gf,0.090,mm,OK,--,10:04:44 AM,9/21/2024,
2172,13.2,gf,0.085,mm,OK,--,10:04:44 AM,9/21/2024,
2173,9.6,gf,0.080,mm,OK,--,10:04:44 AM,9/21/2024,
2174,3.0,gf,0.075,mm,OK,--,10:04:44 AM,9/21/2024,
2175,0.0,gf,0.065,mm,OK,--,10:04:44 AM,9/21/2024,
2176,0.0,gf,0.065,mm,OK,--,10:04:44 AM,9/21/2024,
2177,0.0,gf,0.060,mm,OK,--,10:04:45 AM,9/21/2024,
2178,0.0,gf,0.055,mm,OK,--,10:04:45 AM,9/21/2024,
2179,0.1,gf,0.055,mm,OK,--,10:04:45 AM,9/21/2024,
2180,0.1,gf,0.045,mm,OK,--,10:04:45 AM,9/21/2024,
2181,0.0,gf,0.040,mm,OK,--,10:04:45 AM,9/21/2024,
2182,0.0,gf,0.030,mm,OK,--,10:04:45 AM,9/21/2024,
2183,0.0,gf,0.020,mm,OK,--,10:04:45 AM,9/21/2024,
2184,0.0,gf,0.010,mm,OK,--,10:04:45 AM,9/21/2024,
2185,0.0,gf,0.000,mm,OK,--,10:04:45 AM,9/21/2024,
2186,0.0,gf,-0.005,mm,OK,--,10:04:45 AM,9/21/2024,
2187,0.0,gf,-0.010,mm,OK,--,10:04:46 AM,9/21/2024,
2188,0.0,gf,-0.020,mm,OK,--,10:04:46 AM,9/21/2024,
2189,0.1,gf,-0.025,mm,OK,--,10:04:46 AM,9/21/2024,
2190,0.0,gf,-0.030,mm,OK,--,10:04:46 AM,9/21/2024,
2191,0.1,gf,-0.030,mm,OK,--,10:04:46 AM,9/21/2024,
2192,0.0,gf,-0.030,mm,OK,--,10:04:46 AM,9/21/2024,
2193,0.0,gf,-0.030,mm,OK,--,10:04:46 AM,9/21/2024,
2194,0.0,gf,-0.030,mm,OK,--,10:04:46 AM,9/21/2024,
2195,0.0,gf,-0.030,mm,OK,--,10:04:46 AM,9/21/2024,
2196,0.0,gf,-0.025,mm,OK,--,10:04:46 AM,9/21/2024,
2197,0.0,gf,-0.025,mm,OK,--,10:04:47 AM,9/21/2024,
2198,0.0,gf,-0.020,mm,OK,--,10:04:47 AM,9/21/2024,
2199,0.0,gf,-0.020,mm,OK,--,10:04:47 AM,9/21/2024,
2200,0.0,gf,-0.020,mm,OK,--,10:04:47 AM,9/21/2024,
2201,0.0,gf,-0.020,mm,OK,--,10:04:47 AM,9/21/2024,
2202,0.0,gf,-0.020,mm,OK,--,10:04:47 AM,9/21/2024,
2203,0.0,gf,-0.015,mm,OK,--,10:04:47 AM,9/21/2024,
2204,0.0,gf,-0.015,mm,OK,--,10:04:47 AM,9/21/2024,
2205,0.0,gf,-0.015,mm,OK,--,10:04:47 AM,9/21/2024,
2206,0.0,gf,-0.015,mm,OK,--,10:04:47 AM,9/21/2024,
2207,0.0,gf,-0.015,mm,OK,--,10:04:48 AM,9/21/2024,
2208,0.0,gf,-0.015,mm,OK,--,10:04:48 AM,9/21/2024,
2209,0.0,gf,-0.015,mm,OK,--,10:04:48 AM,9/21/2024,
2210,0.0,gf,-0.015,mm,OK,--,10:04:48 AM,9/21/2024,
2211,0.0,gf,-0.010,mm,OK,--,10:04:48 AM,9/21/2024,
2212,0.0,gf,-0.010,mm,OK,--,10:04:48 AM,9/21/2024,
2213,0.0,gf,-0.010,mm,OK,--,10:04:48 AM,9/21/2024,
2214,0.0,gf,-0.010,mm,OK,--,10:04:48 AM,9/21/2024,
2215,0.0,gf,-0.010,mm,OK,--,10:04:48 AM,9/21/2024,
2216,0.0,gf,-0.010,mm,OK,--,10:04:48 AM,9/21/2024,
