Maximum,194.5,@,No.1064,,,,,,
Minimum,-0.3,@,No.2018,,,,,,
Average,55.09,,,,,,,,
Data Quantity,2037,,,,,,,,
Number of NG,0,,,,,,,,
No.,Force,Unit,Displacement,Unit,Judge,Position,Time,Date,
1,0.0,gf,0.000,mm,OK,--,11:17:58 AM,9/21/2024,
2,0.0,gf,0.000,mm,OK,--,11:17:58 AM,9/21/2024,
3,0.0,gf,0.000,mm,OK,--,11:17:58 AM,9/21/2024,
4,0.0,gf,0.000,mm,OK,--,11:17:58 AM,9/21/2024,
5,0.0,gf,0.000,mm,OK,--,11:17:59 AM,9/21/2024,
6,0.0,gf,0.000,mm,OK,--,11:17:59 AM,9/21/2024,
7,0.0,gf,0.000,mm,OK,--,11:17:59 AM,9/21/2024,
8,0.0,gf,0.000,mm,OK,--,11:17:59 AM,9/21/2024,
9,0.0,gf,0.000,mm,OK,--,11:17:59 AM,9/21/2024,
10,0.0,gf,0.000,mm,OK,--,11:17:59 AM,9/21/2024,
11,0.0,gf,0.000,mm,OK,--,11:17:59 AM,9/21/2024,
12,0.0,gf,0.000,mm,OK,--,11:17:59 AM,9/21/2024,
13,0.0,gf,0.000,mm,OK,--,11:17:59 AM,9/21/2024,
14,0.0,gf,0.000,mm,OK,--,11:17:59 AM,9/21/2024,
15,0.0,gf,0.000,mm,OK,--,11:18:00 AM,9/21/2024,
16,-0.1,gf,0.000,mm,OK,--,11:18:00 AM,9/21/2024,
17,0.0,gf,0.000,mm,OK,--,11:18:00 AM,9/21/2024,
18,0.0,gf,0.000,mm,OK,--,11:18:00 AM,9/21/2024,
19,0.0,gf,0.000,mm,OK,--,11:18:00 AM,9/21/2024,
20,0.0,gf,0.000,mm,OK,--,11:18:00 AM,9/21/2024,
21,0.0,gf,0.000,mm,OK,--,11:18:00 AM,9/21/2024,
22,0.0,gf,0.000,mm,OK,--,11:18:00 AM,9/21/2024,
23,0.0,gf,0.005,mm,OK,--,11:18:00 AM,9/21/2024,
24,0.0,gf,0.005,mm,OK,--,11:18:00 AM,9/21/2024,
25,0.0,gf,0.005,mm,OK,--,11:18:01 AM,9/21/2024,
26,0.0,gf,0.010,mm,OK,--,11:18:01 AM,9/21/2024,
27,0.0,gf,0.010,mm,OK,--,11:18:01 AM,9/21/2024,
28,0.0,gf,0.015,mm,OK,--,11:18:01 AM,9/21/2024,
29,0.0,gf,0.015,mm,OK,--,11:18:01 AM,9/21/2024,
30,0.0,gf,0.025,mm,OK,--,11:18:01 AM,9/21/2024,
31,0.0,gf,0.030,mm,OK,--,11:18:01 AM,9/21/2024,
32,0.0,gf,0.045,mm,OK,--,11:18:01 AM,9/21/2024,
33,0.0,gf,0.055,mm,OK,--,11:18:01 AM,9/21/2024,
34,0.0,gf,0.065,mm,OK,--,11:18:01 AM,9/21/2024,
35,0.0,gf,0.075,mm,OK,--,11:18:02 AM,9/21/2024,
36,0.0,gf,0.085,mm,OK,--,11:18:02 AM,9/21/2024,
37,0.0,gf,0.095,mm,OK,--,11:18:02 AM,9/21/2024,
38,0.0,gf,0.100,mm,OK,--,11:18:02 AM,9/21/2024,
39,0.0,gf,0.105,mm,OK,--,11:18:02 AM,9/21/2024,
40,0.0,gf,0.110,mm,OK,--,11:18:02 AM,9/21/2024,
41,0.0,gf,0.115,mm,OK,--,11:18:02 AM,9/21/2024,
42,0.0,gf,0.120,mm,OK,--,11:18:02 AM,9/21/2024,
43,0.0,gf,0.120,mm,OK,--,11:18:02 AM,9/21/2024,
44,0.0,gf,0.125,mm,OK,--,11:18:02 AM,9/21/2024,
45,0.0,gf,0.130,mm,OK,--,11:18:03 AM,9/21/2024,
46,0.0,gf,0.135,mm,OK,--,11:18:03 AM,9/21/2024,
47,0.0,gf,0.140,mm,OK,--,11:18:03 AM,9/21/2024,
48,0.0,gf,0.145,mm,OK,--,11:18:03 AM,9/21/2024,
49,0.0,gf,0.150,mm,OK,--,11:18:03 AM,9/21/2024,
50,0.0,gf,0.155,mm,OK,--,11:18:03 AM,9/21/2024,
51,0.0,gf,0.160,mm,OK,--,11:18:03 AM,9/21/2024,
52,0.0,gf,0.165,mm,OK,--,11:18:03 AM,9/21/2024,
53,0.6,gf,0.170,mm,OK,--,11:18:03 AM,9/21/2024,
54,4.7,gf,0.175,mm,OK,--,11:18:03 AM,9/21/2024,
55,10.8,gf,0.185,mm,OK,--,11:18:04 AM,9/21/2024,
56,15.9,gf,0.190,mm,OK,--,11:18:04 AM,9/21/2024,
57,18.7,gf,0.195,mm,OK,--,11:18:04 AM,9/21/2024,
58,23.1,gf,0.200,mm,OK,--,11:18:04 AM,9/21/2024,
59,27.1,gf,0.205,mm,OK,--,11:18:04 AM,9/21/2024,
60,30.5,gf,0.210,mm,OK,--,11:18:04 AM,9/21/2024,
61,33.6,gf,0.215,mm,OK,--,11:18:04 AM,9/21/2024,
62,36.0,gf,0.220,mm,OK,--,11:18:04 AM,9/21/2024,
63,38.0,gf,0.220,mm,OK,--,11:18:04 AM,9/21/2024,
64,38.4,gf,0.225,mm,OK,--,11:18:04 AM,9/21/2024,
65,38.3,gf,0.225,mm,OK,--,11:18:05 AM,9/21/2024,
66,38.1,gf,0.230,mm,OK,--,11:18:05 AM,9/21/2024,
67,38.1,gf,0.235,mm,OK,--,11:18:05 AM,9/21/2024,
68,38.1,gf,0.240,mm,OK,--,11:18:05 AM,9/21/2024,
69,38.0,gf,0.240,mm,OK,--,11:18:05 AM,9/21/2024,
70,38.0,gf,0.245,mm,OK,--,11:18:05 AM,9/21/2024,
71,38.0,gf,0.250,mm,OK,--,11:18:05 AM,9/21/2024,
72,38.0,gf,0.255,mm,OK,--,11:18:05 AM,9/21/2024,
73,37.9,gf,0.260,mm,OK,--,11:18:05 AM,9/21/2024,
74,38.0,gf,0.260,mm,OK,--,11:18:05 AM,9/21/2024,
75,37.9,gf,0.265,mm,OK,--,11:18:06 AM,9/21/2024,
76,38.0,gf,0.270,mm,OK,--,11:18:06 AM,9/21/2024,
77,38.0,gf,0.275,mm,OK,--,11:18:06 AM,9/21/2024,
78,38.0,gf,0.280,mm,OK,--,11:18:06 AM,9/21/2024,
79,38.0,gf,0.285,mm,OK,--,11:18:06 AM,9/21/2024,
80,38.4,gf,0.295,mm,OK,--,11:18:06 AM,9/21/2024,
81,38.2,gf,0.300,mm,OK,--,11:18:06 AM,9/21/2024,
82,38.3,gf,0.305,mm,OK,--,11:18:06 AM,9/21/2024,
83,38.2,gf,0.310,mm,OK,--,11:18:06 AM,9/21/2024,
84,38.2,gf,0.310,mm,OK,--,11:18:06 AM,9/21/2024,
85,38.2,gf,0.315,mm,OK,--,11:18:07 AM,9/21/2024,
86,38.2,gf,0.320,mm,OK,--,11:18:07 AM,9/21/2024,
87,38.3,gf,0.325,mm,OK,--,11:18:07 AM,9/21/2024,
88,38.4,gf,0.330,mm,OK,--,11:18:07 AM,9/21/2024,
89,38.3,gf,0.335,mm,OK,--,11:18:07 AM,9/21/2024,
90,38.4,gf,0.345,mm,OK,--,11:18:07 AM,9/21/2024,
91,38.4,gf,0.350,mm,OK,--,11:18:07 AM,9/21/2024,
92,38.4,gf,0.350,mm,OK,--,11:18:07 AM,9/21/2024,
93,38.5,gf,0.355,mm,OK,--,11:18:07 AM,9/21/2024,
94,38.5,gf,0.355,mm,OK,--,11:18:07 AM,9/21/2024,
95,38.6,gf,0.360,mm,OK,--,11:18:08 AM,9/21/2024,
96,38.4,gf,0.365,mm,OK,--,11:18:08 AM,9/21/2024,
97,38.6,gf,0.365,mm,OK,--,11:18:08 AM,9/21/2024,
98,38.7,gf,0.370,mm,OK,--,11:18:08 AM,9/21/2024,
99,38.7,gf,0.375,mm,OK,--,11:18:08 AM,9/21/2024,
100,38.7,gf,0.380,mm,OK,--,11:18:08 AM,9/21/2024,
101,38.7,gf,0.385,mm,OK,--,11:18:08 AM,9/21/2024,
102,38.7,gf,0.385,mm,OK,--,11:18:08 AM,9/21/2024,
103,38.7,gf,0.390,mm,OK,--,11:18:08 AM,9/21/2024,
104,38.7,gf,0.395,mm,OK,--,11:18:08 AM,9/21/2024,
105,38.9,gf,0.400,mm,OK,--,11:18:09 AM,9/21/2024,
106,38.9,gf,0.410,mm,OK,--,11:18:09 AM,9/21/2024,
107,38.8,gf,0.415,mm,OK,--,11:18:09 AM,9/21/2024,
108,38.8,gf,0.420,mm,OK,--,11:18:09 AM,9/21/2024,
109,38.8,gf,0.425,mm,OK,--,11:18:09 AM,9/21/2024,
110,38.8,gf,0.430,mm,OK,--,11:18:09 AM,9/21/2024,
111,38.9,gf,0.435,mm,OK,--,11:18:09 AM,9/21/2024,
112,38.9,gf,0.435,mm,OK,--,11:18:09 AM,9/21/2024,
113,38.9,gf,0.440,mm,OK,--,11:18:09 AM,9/21/2024,
114,39.3,gf,0.445,mm,OK,--,11:18:09 AM,9/21/2024,
115,39.8,gf,0.445,mm,OK,--,11:18:10 AM,9/21/2024,
116,39.6,gf,0.445,mm,OK,--,11:18:10 AM,9/21/2024,
117,39.6,gf,0.450,mm,OK,--,11:18:10 AM,9/21/2024,
118,39.6,gf,0.455,mm,OK,--,11:18:10 AM,9/21/2024,
119,39.6,gf,0.455,mm,OK,--,11:18:10 AM,9/21/2024,
120,39.5,gf,0.460,mm,OK,--,11:18:10 AM,9/21/2024,
121,39.6,gf,0.460,mm,OK,--,11:18:10 AM,9/21/2024,
122,39.5,gf,0.465,mm,OK,--,11:18:10 AM,9/21/2024,
123,39.7,gf,0.470,mm,OK,--,11:18:10 AM,9/21/2024,
124,39.8,gf,0.470,mm,OK,--,11:18:10 AM,9/21/2024,
125,39.8,gf,0.475,mm,OK,--,11:18:11 AM,9/21/2024,
126,39.8,gf,0.480,mm,OK,--,11:18:11 AM,9/21/2024,
127,39.8,gf,0.480,mm,OK,--,11:18:11 AM,9/21/2024,
128,39.8,gf,0.485,mm,OK,--,11:18:11 AM,9/21/2024,
129,39.9,gf,0.485,mm,OK,--,11:18:11 AM,9/21/2024,
130,39.8,gf,0.490,mm,OK,--,11:18:11 AM,9/21/2024,
131,39.7,gf,0.490,mm,OK,--,11:18:11 AM,9/21/2024,
132,39.7,gf,0.490,mm,OK,--,11:18:11 AM,9/21/2024,
133,39.7,gf,0.495,mm,OK,--,11:18:11 AM,9/21/2024,
134,39.6,gf,0.495,mm,OK,--,11:18:11 AM,9/21/2024,
135,39.7,gf,0.500,mm,OK,--,11:18:12 AM,9/21/2024,
136,39.7,gf,0.500,mm,OK,--,11:18:12 AM,9/21/2024,
137,39.7,gf,0.500,mm,OK,--,11:18:12 AM,9/21/2024,
138,39.7,gf,0.505,mm,OK,--,11:18:12 AM,9/21/2024,
139,39.8,gf,0.505,mm,OK,--,11:18:12 AM,9/21/2024,
140,39.7,gf,0.505,mm,OK,--,11:18:12 AM,9/21/2024,
141,39.7,gf,0.510,mm,OK,--,11:18:12 AM,9/21/2024,
142,39.7,gf,0.510,mm,OK,--,11:18:12 AM,9/21/2024,
143,39.7,gf,0.515,mm,OK,--,11:18:12 AM,9/21/2024,
144,39.7,gf,0.515,mm,OK,--,11:18:12 AM,9/21/2024,
145,39.6,gf,0.520,mm,OK,--,11:18:13 AM,9/21/2024,
146,39.6,gf,0.520,mm,OK,--,11:18:13 AM,9/21/2024,
147,39.6,gf,0.525,mm,OK,--,11:18:13 AM,9/21/2024,
148,39.6,gf,0.525,mm,OK,--,11:18:13 AM,9/21/2024,
149,39.6,gf,0.530,mm,OK,--,11:18:13 AM,9/21/2024,
150,39.7,gf,0.530,mm,OK,--,11:18:13 AM,9/21/2024,
151,39.8,gf,0.535,mm,OK,--,11:18:13 AM,9/21/2024,
152,39.8,gf,0.540,mm,OK,--,11:18:13 AM,9/21/2024,
153,39.8,gf,0.545,mm,OK,--,11:18:13 AM,9/21/2024,
154,39.8,gf,0.545,mm,OK,--,11:18:13 AM,9/21/2024,
155,39.7,gf,0.550,mm,OK,--,11:18:14 AM,9/21/2024,
156,39.8,gf,0.555,mm,OK,--,11:18:14 AM,9/21/2024,
157,39.7,gf,0.555,mm,OK,--,11:18:14 AM,9/21/2024,
158,39.8,gf,0.560,mm,OK,--,11:18:14 AM,9/21/2024,
159,39.8,gf,0.560,mm,OK,--,11:18:14 AM,9/21/2024,
160,39.9,gf,0.565,mm,OK,--,11:18:14 AM,9/21/2024,
161,39.9,gf,0.570,mm,OK,--,11:18:14 AM,9/21/2024,
162,40.0,gf,0.570,mm,OK,--,11:18:14 AM,9/21/2024,
163,40.0,gf,0.575,mm,OK,--,11:18:14 AM,9/21/2024,
164,40.1,gf,0.575,mm,OK,--,11:18:14 AM,9/21/2024,
165,40.1,gf,0.580,mm,OK,--,11:18:15 AM,9/21/2024,
166,40.1,gf,0.585,mm,OK,--,11:18:15 AM,9/21/2024,
167,40.1,gf,0.590,mm,OK,--,11:18:15 AM,9/21/2024,
168,40.1,gf,0.595,mm,OK,--,11:18:15 AM,9/21/2024,
169,40.0,gf,0.595,mm,OK,--,11:18:15 AM,9/21/2024,
170,40.1,gf,0.600,mm,OK,--,11:18:15 AM,9/21/2024,
171,40.2,gf,0.605,mm,OK,--,11:18:15 AM,9/21/2024,
172,40.3,gf,0.615,mm,OK,--,11:18:15 AM,9/21/2024,
173,40.3,gf,0.620,mm,OK,--,11:18:15 AM,9/21/2024,
174,40.3,gf,0.630,mm,OK,--,11:18:15 AM,9/21/2024,
175,40.2,gf,0.630,mm,OK,--,11:18:16 AM,9/21/2024,
176,40.3,gf,0.635,mm,OK,--,11:18:16 AM,9/21/2024,
177,40.3,gf,0.640,mm,OK,--,11:18:16 AM,9/21/2024,
178,40.3,gf,0.645,mm,OK,--,11:18:16 AM,9/21/2024,
179,40.3,gf,0.645,mm,OK,--,11:18:16 AM,9/21/2024,
180,40.3,gf,0.650,mm,OK,--,11:18:16 AM,9/21/2024,
181,40.3,gf,0.650,mm,OK,--,11:18:16 AM,9/21/2024,
182,40.4,gf,0.655,mm,OK,--,11:18:16 AM,9/21/2024,
183,40.5,gf,0.660,mm,OK,--,11:18:16 AM,9/21/2024,
184,40.6,gf,0.660,mm,OK,--,11:18:16 AM,9/21/2024,
185,40.7,gf,0.665,mm,OK,--,11:18:17 AM,9/21/2024,
186,40.7,gf,0.665,mm,OK,--,11:18:17 AM,9/21/2024,
187,40.8,gf,0.670,mm,OK,--,11:18:17 AM,9/21/2024,
188,40.8,gf,0.675,mm,OK,--,11:18:17 AM,9/21/2024,
189,40.8,gf,0.680,mm,OK,--,11:18:17 AM,9/21/2024,
190,40.9,gf,0.685,mm,OK,--,11:18:17 AM,9/21/2024,
191,40.9,gf,0.685,mm,OK,--,11:18:17 AM,9/21/2024,
192,40.9,gf,0.690,mm,OK,--,11:18:17 AM,9/21/2024,
193,40.8,gf,0.695,mm,OK,--,11:18:17 AM,9/21/2024,
194,41.0,gf,0.700,mm,OK,--,11:18:17 AM,9/21/2024,
195,41.0,gf,0.705,mm,OK,--,11:18:18 AM,9/21/2024,
196,41.1,gf,0.705,mm,OK,--,11:18:18 AM,9/21/2024,
197,41.2,gf,0.710,mm,OK,--,11:18:18 AM,9/21/2024,
198,41.2,gf,0.715,mm,OK,--,11:18:18 AM,9/21/2024,
199,41.3,gf,0.715,mm,OK,--,11:18:18 AM,9/21/2024,
200,41.3,gf,0.720,mm,OK,--,11:18:18 AM,9/21/2024,
201,41.4,gf,0.725,mm,OK,--,11:18:18 AM,9/21/2024,
202,41.4,gf,0.730,mm,OK,--,11:18:18 AM,9/21/2024,
203,41.5,gf,0.730,mm,OK,--,11:18:18 AM,9/21/2024,
204,41.6,gf,0.735,mm,OK,--,11:18:18 AM,9/21/2024,
205,41.5,gf,0.740,mm,OK,--,11:18:19 AM,9/21/2024,
206,41.5,gf,0.740,mm,OK,--,11:18:19 AM,9/21/2024,
207,41.4,gf,0.745,mm,OK,--,11:18:19 AM,9/21/2024,
208,41.4,gf,0.745,mm,OK,--,11:18:19 AM,9/21/2024,
209,41.5,gf,0.750,mm,OK,--,11:18:19 AM,9/21/2024,
210,41.5,gf,0.755,mm,OK,--,11:18:19 AM,9/21/2024,
211,41.5,gf,0.755,mm,OK,--,11:18:19 AM,9/21/2024,
212,41.5,gf,0.760,mm,OK,--,11:18:19 AM,9/21/2024,
213,41.2,gf,0.765,mm,OK,--,11:18:19 AM,9/21/2024,
214,41.2,gf,0.765,mm,OK,--,11:18:19 AM,9/21/2024,
215,41.4,gf,0.765,mm,OK,--,11:18:20 AM,9/21/2024,
216,41.4,gf,0.770,mm,OK,--,11:18:20 AM,9/21/2024,
217,41.4,gf,0.770,mm,OK,--,11:18:20 AM,9/21/2024,
218,41.3,gf,0.775,mm,OK,--,11:18:20 AM,9/21/2024,
219,41.4,gf,0.775,mm,OK,--,11:18:20 AM,9/21/2024,
220,41.3,gf,0.780,mm,OK,--,11:18:20 AM,9/21/2024,
221,41.4,gf,0.780,mm,OK,--,11:18:20 AM,9/21/2024,
222,41.4,gf,0.785,mm,OK,--,11:18:20 AM,9/21/2024,
223,41.5,gf,0.785,mm,OK,--,11:18:20 AM,9/21/2024,
224,41.6,gf,0.790,mm,OK,--,11:18:20 AM,9/21/2024,
225,41.6,gf,0.795,mm,OK,--,11:18:21 AM,9/21/2024,
226,41.7,gf,0.800,mm,OK,--,11:18:21 AM,9/21/2024,
227,41.8,gf,0.805,mm,OK,--,11:18:21 AM,9/21/2024,
228,41.9,gf,0.805,mm,OK,--,11:18:21 AM,9/21/2024,
229,42.0,gf,0.810,mm,OK,--,11:18:21 AM,9/21/2024,
230,42.1,gf,0.815,mm,OK,--,11:18:21 AM,9/21/2024,
231,42.2,gf,0.820,mm,OK,--,11:18:21 AM,9/21/2024,
232,42.2,gf,0.820,mm,OK,--,11:18:21 AM,9/21/2024,
233,42.1,gf,0.825,mm,OK,--,11:18:21 AM,9/21/2024,
234,42.1,gf,0.830,mm,OK,--,11:18:21 AM,9/21/2024,
235,42.1,gf,0.835,mm,OK,--,11:18:22 AM,9/21/2024,
236,42.1,gf,0.840,mm,OK,--,11:18:22 AM,9/21/2024,
237,42.0,gf,0.845,mm,OK,--,11:18:22 AM,9/21/2024,
238,42.0,gf,0.850,mm,OK,--,11:18:22 AM,9/21/2024,
239,41.9,gf,0.855,mm,OK,--,11:18:22 AM,9/21/2024,
240,41.9,gf,0.860,mm,OK,--,11:18:22 AM,9/21/2024,
241,41.9,gf,0.865,mm,OK,--,11:18:22 AM,9/21/2024,
242,41.9,gf,0.870,mm,OK,--,11:18:22 AM,9/21/2024,
243,41.9,gf,0.875,mm,OK,--,11:18:22 AM,9/21/2024,
244,41.8,gf,0.880,mm,OK,--,11:18:22 AM,9/21/2024,
245,41.8,gf,0.885,mm,OK,--,11:18:23 AM,9/21/2024,
246,41.9,gf,0.890,mm,OK,--,11:18:23 AM,9/21/2024,
247,41.9,gf,0.890,mm,OK,--,11:18:23 AM,9/21/2024,
248,41.9,gf,0.895,mm,OK,--,11:18:23 AM,9/21/2024,
249,42.0,gf,0.900,mm,OK,--,11:18:23 AM,9/21/2024,
250,42.0,gf,0.900,mm,OK,--,11:18:23 AM,9/21/2024,
251,42.0,gf,0.905,mm,OK,--,11:18:23 AM,9/21/2024,
252,42.0,gf,0.905,mm,OK,--,11:18:23 AM,9/21/2024,
253,42.0,gf,0.910,mm,OK,--,11:18:23 AM,9/21/2024,
254,42.0,gf,0.910,mm,OK,--,11:18:23 AM,9/21/2024,
255,42.0,gf,0.915,mm,OK,--,11:18:24 AM,9/21/2024,
256,42.0,gf,0.920,mm,OK,--,11:18:24 AM,9/21/2024,
257,42.1,gf,0.920,mm,OK,--,11:18:24 AM,9/21/2024,
258,42.1,gf,0.925,mm,OK,--,11:18:24 AM,9/21/2024,
259,42.1,gf,0.930,mm,OK,--,11:18:24 AM,9/21/2024,
260,42.1,gf,0.930,mm,OK,--,11:18:24 AM,9/21/2024,
261,42.0,gf,0.935,mm,OK,--,11:18:24 AM,9/21/2024,
262,42.1,gf,0.935,mm,OK,--,11:18:24 AM,9/21/2024,
263,42.2,gf,0.940,mm,OK,--,11:18:24 AM,9/21/2024,
264,42.1,gf,0.945,mm,OK,--,11:18:24 AM,9/21/2024,
265,42.1,gf,0.950,mm,OK,--,11:18:25 AM,9/21/2024,
266,42.1,gf,0.950,mm,OK,--,11:18:25 AM,9/21/2024,
267,42.1,gf,0.955,mm,OK,--,11:18:25 AM,9/21/2024,
268,42.1,gf,0.955,mm,OK,--,11:18:25 AM,9/21/2024,
269,42.2,gf,0.960,mm,OK,--,11:18:25 AM,9/21/2024,
270,42.3,gf,0.960,mm,OK,--,11:18:25 AM,9/21/2024,
271,42.3,gf,0.965,mm,OK,--,11:18:25 AM,9/21/2024,
272,42.3,gf,0.965,mm,OK,--,11:18:25 AM,9/21/2024,
273,42.3,gf,0.970,mm,OK,--,11:18:25 AM,9/21/2024,
274,42.3,gf,0.975,mm,OK,--,11:18:25 AM,9/21/2024,
275,42.3,gf,0.975,mm,OK,--,11:18:26 AM,9/21/2024,
276,42.4,gf,0.980,mm,OK,--,11:18:26 AM,9/21/2024,
277,42.4,gf,0.980,mm,OK,--,11:18:26 AM,9/21/2024,
278,42.4,gf,0.985,mm,OK,--,11:18:26 AM,9/21/2024,
279,42.5,gf,0.985,mm,OK,--,11:18:26 AM,9/21/2024,
280,42.5,gf,0.990,mm,OK,--,11:18:26 AM,9/21/2024,
281,42.6,gf,0.990,mm,OK,--,11:18:26 AM,9/21/2024,
282,42.6,gf,0.995,mm,OK,--,11:18:26 AM,9/21/2024,
283,42.7,gf,1.000,mm,OK,--,11:18:26 AM,9/21/2024,
284,42.8,gf,1.000,mm,OK,--,11:18:26 AM,9/21/2024,
285,42.8,gf,1.005,mm,OK,--,11:18:27 AM,9/21/2024,
286,42.8,gf,1.010,mm,OK,--,11:18:27 AM,9/21/2024,
287,42.8,gf,1.015,mm,OK,--,11:18:27 AM,9/21/2024,
288,42.8,gf,1.020,mm,OK,--,11:18:27 AM,9/21/2024,
289,42.7,gf,1.025,mm,OK,--,11:18:27 AM,9/21/2024,
290,42.7,gf,1.025,mm,OK,--,11:18:27 AM,9/21/2024,
291,42.7,gf,1.030,mm,OK,--,11:18:27 AM,9/21/2024,
292,42.7,gf,1.035,mm,OK,--,11:18:27 AM,9/21/2024,
293,42.8,gf,1.040,mm,OK,--,11:18:27 AM,9/21/2024,
294,42.8,gf,1.040,mm,OK,--,11:18:27 AM,9/21/2024,
295,42.8,gf,1.045,mm,OK,--,11:18:28 AM,9/21/2024,
296,42.9,gf,1.045,mm,OK,--,11:18:28 AM,9/21/2024,
297,42.9,gf,1.050,mm,OK,--,11:18:28 AM,9/21/2024,
298,42.9,gf,1.055,mm,OK,--,11:18:28 AM,9/21/2024,
299,42.8,gf,1.055,mm,OK,--,11:18:28 AM,9/21/2024,
300,42.8,gf,1.060,mm,OK,--,11:18:28 AM,9/21/2024,
301,42.8,gf,1.060,mm,OK,--,11:18:28 AM,9/21/2024,
302,43.0,gf,1.060,mm,OK,--,11:18:28 AM,9/21/2024,
303,42.9,gf,1.065,mm,OK,--,11:18:28 AM,9/21/2024,
304,42.7,gf,1.065,mm,OK,--,11:18:28 AM,9/21/2024,
305,42.8,gf,1.070,mm,OK,--,11:18:29 AM,9/21/2024,
306,42.6,gf,1.070,mm,OK,--,11:18:29 AM,9/21/2024,
307,42.6,gf,1.070,mm,OK,--,11:18:29 AM,9/21/2024,
308,42.8,gf,1.070,mm,OK,--,11:18:29 AM,9/21/2024,
309,42.7,gf,1.070,mm,OK,--,11:18:29 AM,9/21/2024,
310,42.9,gf,1.070,mm,OK,--,11:18:29 AM,9/21/2024,
311,42.8,gf,1.070,mm,OK,--,11:18:29 AM,9/21/2024,
312,42.8,gf,1.075,mm,OK,--,11:18:29 AM,9/21/2024,
313,42.9,gf,1.075,mm,OK,--,11:18:29 AM,9/21/2024,
314,42.8,gf,1.075,mm,OK,--,11:18:29 AM,9/21/2024,
315,43.0,gf,1.075,mm,OK,--,11:18:30 AM,9/21/2024,
316,43.0,gf,1.080,mm,OK,--,11:18:30 AM,9/21/2024,
317,42.9,gf,1.080,mm,OK,--,11:18:30 AM,9/21/2024,
318,42.9,gf,1.085,mm,OK,--,11:18:30 AM,9/21/2024,
319,42.9,gf,1.085,mm,OK,--,11:18:30 AM,9/21/2024,
320,42.9,gf,1.090,mm,OK,--,11:18:30 AM,9/21/2024,
321,42.9,gf,1.090,mm,OK,--,11:18:30 AM,9/21/2024,
322,43.0,gf,1.095,mm,OK,--,11:18:30 AM,9/21/2024,
323,43.0,gf,1.095,mm,OK,--,11:18:30 AM,9/21/2024,
324,43.0,gf,1.100,mm,OK,--,11:18:30 AM,9/21/2024,
325,43.1,gf,1.100,mm,OK,--,11:18:31 AM,9/21/2024,
326,43.1,gf,1.105,mm,OK,--,11:18:31 AM,9/21/2024,
327,43.2,gf,1.110,mm,OK,--,11:18:31 AM,9/21/2024,
328,43.2,gf,1.110,mm,OK,--,11:18:31 AM,9/21/2024,
329,43.1,gf,1.115,mm,OK,--,11:18:31 AM,9/21/2024,
330,43.2,gf,1.120,mm,OK,--,11:18:31 AM,9/21/2024,
331,43.1,gf,1.120,mm,OK,--,11:18:31 AM,9/21/2024,
332,43.1,gf,1.125,mm,OK,--,11:18:31 AM,9/21/2024,
333,43.2,gf,1.130,mm,OK,--,11:18:31 AM,9/21/2024,
334,43.2,gf,1.130,mm,OK,--,11:18:31 AM,9/21/2024,
335,43.4,gf,1.135,mm,OK,--,11:18:32 AM,9/21/2024,
336,43.4,gf,1.140,mm,OK,--,11:18:32 AM,9/21/2024,
337,43.4,gf,1.145,mm,OK,--,11:18:32 AM,9/21/2024,
338,43.4,gf,1.150,mm,OK,--,11:18:32 AM,9/21/2024,
339,43.5,gf,1.155,mm,OK,--,11:18:32 AM,9/21/2024,
340,43.5,gf,1.160,mm,OK,--,11:18:32 AM,9/21/2024,
341,43.3,gf,1.160,mm,OK,--,11:18:32 AM,9/21/2024,
342,42.9,gf,1.165,mm,OK,--,11:18:32 AM,9/21/2024,
343,42.9,gf,1.165,mm,OK,--,11:18:32 AM,9/21/2024,
344,43.0,gf,1.170,mm,OK,--,11:18:32 AM,9/21/2024,
345,43.1,gf,1.170,mm,OK,--,11:18:33 AM,9/21/2024,
346,43.3,gf,1.175,mm,OK,--,11:18:33 AM,9/21/2024,
347,43.5,gf,1.175,mm,OK,--,11:18:33 AM,9/21/2024,
348,43.6,gf,1.180,mm,OK,--,11:18:33 AM,9/21/2024,
349,43.5,gf,1.185,mm,OK,--,11:18:33 AM,9/21/2024,
350,43.8,gf,1.185,mm,OK,--,11:18:33 AM,9/21/2024,
351,43.5,gf,1.190,mm,OK,--,11:18:33 AM,9/21/2024,
352,43.6,gf,1.190,mm,OK,--,11:18:33 AM,9/21/2024,
353,43.7,gf,1.190,mm,OK,--,11:18:33 AM,9/21/2024,
354,43.7,gf,1.195,mm,OK,--,11:18:33 AM,9/21/2024,
355,43.7,gf,1.195,mm,OK,--,11:18:34 AM,9/21/2024,
356,43.7,gf,1.200,mm,OK,--,11:18:34 AM,9/21/2024,
357,43.7,gf,1.200,mm,OK,--,11:18:34 AM,9/21/2024,
358,43.7,gf,1.200,mm,OK,--,11:18:34 AM,9/21/2024,
359,43.8,gf,1.205,mm,OK,--,11:18:34 AM,9/21/2024,
360,43.7,gf,1.205,mm,OK,--,11:18:34 AM,9/21/2024,
361,43.7,gf,1.210,mm,OK,--,11:18:34 AM,9/21/2024,
362,43.8,gf,1.210,mm,OK,--,11:18:34 AM,9/21/2024,
363,43.8,gf,1.210,mm,OK,--,11:18:34 AM,9/21/2024,
364,43.8,gf,1.215,mm,OK,--,11:18:34 AM,9/21/2024,
365,43.7,gf,1.215,mm,OK,--,11:18:35 AM,9/21/2024,
366,43.7,gf,1.220,mm,OK,--,11:18:35 AM,9/21/2024,
367,43.7,gf,1.220,mm,OK,--,11:18:35 AM,9/21/2024,
368,43.8,gf,1.225,mm,OK,--,11:18:35 AM,9/21/2024,
369,43.8,gf,1.225,mm,OK,--,11:18:35 AM,9/21/2024,
370,43.8,gf,1.230,mm,OK,--,11:18:35 AM,9/21/2024,
371,43.8,gf,1.230,mm,OK,--,11:18:35 AM,9/21/2024,
372,43.8,gf,1.235,mm,OK,--,11:18:35 AM,9/21/2024,
373,43.8,gf,1.235,mm,OK,--,11:18:35 AM,9/21/2024,
374,43.9,gf,1.240,mm,OK,--,11:18:35 AM,9/21/2024,
375,43.8,gf,1.245,mm,OK,--,11:18:36 AM,9/21/2024,
376,43.8,gf,1.245,mm,OK,--,11:18:36 AM,9/21/2024,
377,43.9,gf,1.250,mm,OK,--,11:18:36 AM,9/21/2024,
378,43.9,gf,1.255,mm,OK,--,11:18:36 AM,9/21/2024,
379,43.9,gf,1.260,mm,OK,--,11:18:36 AM,9/21/2024,
380,43.9,gf,1.265,mm,OK,--,11:18:36 AM,9/21/2024,
381,43.9,gf,1.270,mm,OK,--,11:18:36 AM,9/21/2024,
382,44.0,gf,1.270,mm,OK,--,11:18:36 AM,9/21/2024,
383,44.0,gf,1.280,mm,OK,--,11:18:36 AM,9/21/2024,
384,44.0,gf,1.285,mm,OK,--,11:18:36 AM,9/21/2024,
385,43.9,gf,1.290,mm,OK,--,11:18:37 AM,9/21/2024,
386,44.0,gf,1.295,mm,OK,--,11:18:37 AM,9/21/2024,
387,44.0,gf,1.305,mm,OK,--,11:18:37 AM,9/21/2024,
388,44.1,gf,1.310,mm,OK,--,11:18:37 AM,9/21/2024,
389,44.1,gf,1.320,mm,OK,--,11:18:37 AM,9/21/2024,
390,44.2,gf,1.325,mm,OK,--,11:18:37 AM,9/21/2024,
391,44.1,gf,1.330,mm,OK,--,11:18:37 AM,9/21/2024,
392,44.2,gf,1.335,mm,OK,--,11:18:37 AM,9/21/2024,
393,44.2,gf,1.340,mm,OK,--,11:18:37 AM,9/21/2024,
394,44.1,gf,1.345,mm,OK,--,11:18:37 AM,9/21/2024,
395,44.2,gf,1.350,mm,OK,--,11:18:38 AM,9/21/2024,
396,44.2,gf,1.355,mm,OK,--,11:18:38 AM,9/21/2024,
397,44.2,gf,1.360,mm,OK,--,11:18:38 AM,9/21/2024,
398,44.2,gf,1.365,mm,OK,--,11:18:38 AM,9/21/2024,
399,44.3,gf,1.370,mm,OK,--,11:18:38 AM,9/21/2024,
400,44.3,gf,1.370,mm,OK,--,11:18:38 AM,9/21/2024,
401,44.4,gf,1.375,mm,OK,--,11:18:38 AM,9/21/2024,
402,44.4,gf,1.380,mm,OK,--,11:18:38 AM,9/21/2024,
403,44.4,gf,1.385,mm,OK,--,11:18:38 AM,9/21/2024,
404,44.4,gf,1.385,mm,OK,--,11:18:38 AM,9/21/2024,
405,44.4,gf,1.390,mm,OK,--,11:18:39 AM,9/21/2024,
406,44.4,gf,1.395,mm,OK,--,11:18:39 AM,9/21/2024,
407,44.4,gf,1.395,mm,OK,--,11:18:39 AM,9/21/2024,
408,44.5,gf,1.400,mm,OK,--,11:18:39 AM,9/21/2024,
409,44.5,gf,1.405,mm,OK,--,11:18:39 AM,9/21/2024,
410,44.6,gf,1.410,mm,OK,--,11:18:39 AM,9/21/2024,
411,44.6,gf,1.415,mm,OK,--,11:18:39 AM,9/21/2024,
412,44.6,gf,1.415,mm,OK,--,11:18:39 AM,9/21/2024,
413,44.7,gf,1.420,mm,OK,--,11:18:39 AM,9/21/2024,
414,44.6,gf,1.425,mm,OK,--,11:18:39 AM,9/21/2024,
415,44.4,gf,1.435,mm,OK,--,11:18:40 AM,9/21/2024,
416,44.3,gf,1.440,mm,OK,--,11:18:40 AM,9/21/2024,
417,44.3,gf,1.445,mm,OK,--,11:18:40 AM,9/21/2024,
418,44.5,gf,1.450,mm,OK,--,11:18:40 AM,9/21/2024,
419,44.5,gf,1.455,mm,OK,--,11:18:40 AM,9/21/2024,
420,44.6,gf,1.460,mm,OK,--,11:18:40 AM,9/21/2024,
421,44.6,gf,1.465,mm,OK,--,11:18:40 AM,9/21/2024,
422,44.6,gf,1.470,mm,OK,--,11:18:40 AM,9/21/2024,
423,44.7,gf,1.475,mm,OK,--,11:18:40 AM,9/21/2024,
424,44.7,gf,1.480,mm,OK,--,11:18:40 AM,9/21/2024,
425,44.7,gf,1.485,mm,OK,--,11:18:41 AM,9/21/2024,
426,44.7,gf,1.490,mm,OK,--,11:18:41 AM,9/21/2024,
427,44.7,gf,1.500,mm,OK,--,11:18:41 AM,9/21/2024,
428,44.8,gf,1.500,mm,OK,--,11:18:41 AM,9/21/2024,
429,44.9,gf,1.510,mm,OK,--,11:18:41 AM,9/21/2024,
430,44.9,gf,1.515,mm,OK,--,11:18:41 AM,9/21/2024,
431,44.9,gf,1.520,mm,OK,--,11:18:41 AM,9/21/2024,
432,44.8,gf,1.525,mm,OK,--,11:18:41 AM,9/21/2024,
433,44.9,gf,1.530,mm,OK,--,11:18:41 AM,9/21/2024,
434,44.8,gf,1.530,mm,OK,--,11:18:41 AM,9/21/2024,
435,44.9,gf,1.535,mm,OK,--,11:18:42 AM,9/21/2024,
436,44.9,gf,1.540,mm,OK,--,11:18:42 AM,9/21/2024,
437,44.8,gf,1.545,mm,OK,--,11:18:42 AM,9/21/2024,
438,44.9,gf,1.545,mm,OK,--,11:18:42 AM,9/21/2024,
439,44.9,gf,1.550,mm,OK,--,11:18:42 AM,9/21/2024,
440,44.9,gf,1.550,mm,OK,--,11:18:42 AM,9/21/2024,
441,45.1,gf,1.555,mm,OK,--,11:18:42 AM,9/21/2024,
442,45.0,gf,1.560,mm,OK,--,11:18:42 AM,9/21/2024,
443,45.0,gf,1.560,mm,OK,--,11:18:42 AM,9/21/2024,
444,45.1,gf,1.565,mm,OK,--,11:18:42 AM,9/21/2024,
445,45.2,gf,1.565,mm,OK,--,11:18:43 AM,9/21/2024,
446,45.1,gf,1.570,mm,OK,--,11:18:43 AM,9/21/2024,
447,45.1,gf,1.570,mm,OK,--,11:18:43 AM,9/21/2024,
448,45.1,gf,1.575,mm,OK,--,11:18:43 AM,9/21/2024,
449,45.1,gf,1.575,mm,OK,--,11:18:43 AM,9/21/2024,
450,45.1,gf,1.580,mm,OK,--,11:18:43 AM,9/21/2024,
451,45.1,gf,1.585,mm,OK,--,11:18:43 AM,9/21/2024,
452,45.1,gf,1.585,mm,OK,--,11:18:43 AM,9/21/2024,
453,45.1,gf,1.585,mm,OK,--,11:18:43 AM,9/21/2024,
454,45.3,gf,1.590,mm,OK,--,11:18:43 AM,9/21/2024,
455,45.3,gf,1.590,mm,OK,--,11:18:44 AM,9/21/2024,
456,45.4,gf,1.595,mm,OK,--,11:18:44 AM,9/21/2024,
457,45.3,gf,1.595,mm,OK,--,11:18:44 AM,9/21/2024,
458,45.3,gf,1.600,mm,OK,--,11:18:44 AM,9/21/2024,
459,45.4,gf,1.600,mm,OK,--,11:18:44 AM,9/21/2024,
460,45.4,gf,1.605,mm,OK,--,11:18:44 AM,9/21/2024,
461,45.4,gf,1.605,mm,OK,--,11:18:44 AM,9/21/2024,
462,45.4,gf,1.610,mm,OK,--,11:18:44 AM,9/21/2024,
463,45.4,gf,1.610,mm,OK,--,11:18:44 AM,9/21/2024,
464,45.4,gf,1.615,mm,OK,--,11:18:44 AM,9/21/2024,
465,45.4,gf,1.620,mm,OK,--,11:18:45 AM,9/21/2024,
466,45.3,gf,1.620,mm,OK,--,11:18:45 AM,9/21/2024,
467,45.4,gf,1.620,mm,OK,--,11:18:45 AM,9/21/2024,
468,45.4,gf,1.625,mm,OK,--,11:18:45 AM,9/21/2024,
469,45.4,gf,1.630,mm,OK,--,11:18:45 AM,9/21/2024,
470,45.4,gf,1.630,mm,OK,--,11:18:45 AM,9/21/2024,
471,45.4,gf,1.635,mm,OK,--,11:18:45 AM,9/21/2024,
472,45.5,gf,1.640,mm,OK,--,11:18:45 AM,9/21/2024,
473,45.5,gf,1.645,mm,OK,--,11:18:45 AM,9/21/2024,
474,45.5,gf,1.650,mm,OK,--,11:18:45 AM,9/21/2024,
475,45.4,gf,1.655,mm,OK,--,11:18:46 AM,9/21/2024,
476,45.4,gf,1.660,mm,OK,--,11:18:46 AM,9/21/2024,
477,45.4,gf,1.665,mm,OK,--,11:18:46 AM,9/21/2024,
478,45.4,gf,1.670,mm,OK,--,11:18:46 AM,9/21/2024,
479,45.4,gf,1.670,mm,OK,--,11:18:46 AM,9/21/2024,
480,45.4,gf,1.675,mm,OK,--,11:18:46 AM,9/21/2024,
481,45.4,gf,1.680,mm,OK,--,11:18:46 AM,9/21/2024,
482,45.4,gf,1.685,mm,OK,--,11:18:46 AM,9/21/2024,
483,45.4,gf,1.690,mm,OK,--,11:18:46 AM,9/21/2024,
484,45.5,gf,1.695,mm,OK,--,11:18:46 AM,9/21/2024,
485,45.6,gf,1.700,mm,OK,--,11:18:47 AM,9/21/2024,
486,45.5,gf,1.705,mm,OK,--,11:18:47 AM,9/21/2024,
487,45.5,gf,1.710,mm,OK,--,11:18:47 AM,9/21/2024,
488,45.5,gf,1.710,mm,OK,--,11:18:47 AM,9/21/2024,
489,45.6,gf,1.715,mm,OK,--,11:18:47 AM,9/21/2024,
490,45.7,gf,1.720,mm,OK,--,11:18:47 AM,9/21/2024,
491,45.6,gf,1.720,mm,OK,--,11:18:47 AM,9/21/2024,
492,45.6,gf,1.725,mm,OK,--,11:18:47 AM,9/21/2024,
493,45.6,gf,1.725,mm,OK,--,11:18:47 AM,9/21/2024,
494,45.7,gf,1.730,mm,OK,--,11:18:47 AM,9/21/2024,
495,45.7,gf,1.735,mm,OK,--,11:18:48 AM,9/21/2024,
496,45.8,gf,1.735,mm,OK,--,11:18:48 AM,9/21/2024,
497,45.8,gf,1.740,mm,OK,--,11:18:48 AM,9/21/2024,
498,45.8,gf,1.740,mm,OK,--,11:18:48 AM,9/21/2024,
499,45.9,gf,1.745,mm,OK,--,11:18:48 AM,9/21/2024,
500,45.8,gf,1.745,mm,OK,--,11:18:48 AM,9/21/2024,
501,45.9,gf,1.750,mm,OK,--,11:18:48 AM,9/21/2024,
502,45.9,gf,1.750,mm,OK,--,11:18:48 AM,9/21/2024,
503,46.0,gf,1.755,mm,OK,--,11:18:48 AM,9/21/2024,
504,46.0,gf,1.760,mm,OK,--,11:18:48 AM,9/21/2024,
505,45.9,gf,1.760,mm,OK,--,11:18:49 AM,9/21/2024,
506,46.0,gf,1.765,mm,OK,--,11:18:49 AM,9/21/2024,
507,46.0,gf,1.765,mm,OK,--,11:18:49 AM,9/21/2024,
508,46.0,gf,1.770,mm,OK,--,11:18:49 AM,9/21/2024,
509,46.0,gf,1.775,mm,OK,--,11:18:49 AM,9/21/2024,
510,46.0,gf,1.775,mm,OK,--,11:18:49 AM,9/21/2024,
511,45.9,gf,1.780,mm,OK,--,11:18:49 AM,9/21/2024,
512,46.0,gf,1.785,mm,OK,--,11:18:49 AM,9/21/2024,
513,46.1,gf,1.785,mm,OK,--,11:18:49 AM,9/21/2024,
514,46.1,gf,1.790,mm,OK,--,11:18:49 AM,9/21/2024,
515,46.0,gf,1.795,mm,OK,--,11:18:50 AM,9/21/2024,
516,45.9,gf,1.795,mm,OK,--,11:18:50 AM,9/21/2024,
517,46.0,gf,1.795,mm,OK,--,11:18:50 AM,9/21/2024,
518,46.1,gf,1.800,mm,OK,--,11:18:50 AM,9/21/2024,
519,46.1,gf,1.800,mm,OK,--,11:18:50 AM,9/21/2024,
520,46.2,gf,1.805,mm,OK,--,11:18:50 AM,9/21/2024,
521,46.1,gf,1.805,mm,OK,--,11:18:50 AM,9/21/2024,
522,46.1,gf,1.810,mm,OK,--,11:18:50 AM,9/21/2024,
523,46.1,gf,1.810,mm,OK,--,11:18:50 AM,9/21/2024,
524,46.3,gf,1.810,mm,OK,--,11:18:50 AM,9/21/2024,
525,46.4,gf,1.815,mm,OK,--,11:18:51 AM,9/21/2024,
526,46.3,gf,1.815,mm,OK,--,11:18:51 AM,9/21/2024,
527,46.2,gf,1.820,mm,OK,--,11:18:51 AM,9/21/2024,
528,46.2,gf,1.820,mm,OK,--,11:18:51 AM,9/21/2024,
529,46.3,gf,1.825,mm,OK,--,11:18:51 AM,9/21/2024,
530,46.2,gf,1.825,mm,OK,--,11:18:51 AM,9/21/2024,
531,46.4,gf,1.830,mm,OK,--,11:18:51 AM,9/21/2024,
532,46.4,gf,1.835,mm,OK,--,11:18:51 AM,9/21/2024,
533,46.4,gf,1.840,mm,OK,--,11:18:51 AM,9/21/2024,
534,46.2,gf,1.840,mm,OK,--,11:18:51 AM,9/21/2024,
535,46.3,gf,1.845,mm,OK,--,11:18:52 AM,9/21/2024,
536,46.3,gf,1.850,mm,OK,--,11:18:52 AM,9/21/2024,
537,46.3,gf,1.850,mm,OK,--,11:18:52 AM,9/21/2024,
538,46.3,gf,1.855,mm,OK,--,11:18:52 AM,9/21/2024,
539,46.3,gf,1.855,mm,OK,--,11:18:52 AM,9/21/2024,
540,46.5,gf,1.860,mm,OK,--,11:18:52 AM,9/21/2024,
541,46.4,gf,1.865,mm,OK,--,11:18:52 AM,9/21/2024,
542,46.3,gf,1.870,mm,OK,--,11:18:52 AM,9/21/2024,
543,46.3,gf,1.875,mm,OK,--,11:18:52 AM,9/21/2024,
544,46.4,gf,1.880,mm,OK,--,11:18:52 AM,9/21/2024,
545,46.3,gf,1.880,mm,OK,--,11:18:53 AM,9/21/2024,
546,46.3,gf,1.885,mm,OK,--,11:18:53 AM,9/21/2024,
547,46.3,gf,1.890,mm,OK,--,11:18:53 AM,9/21/2024,
548,46.3,gf,1.890,mm,OK,--,11:18:53 AM,9/21/2024,
549,46.3,gf,1.895,mm,OK,--,11:18:53 AM,9/21/2024,
550,46.3,gf,1.895,mm,OK,--,11:18:53 AM,9/21/2024,
551,46.5,gf,1.895,mm,OK,--,11:18:53 AM,9/21/2024,
552,46.5,gf,1.900,mm,OK,--,11:18:53 AM,9/21/2024,
553,46.6,gf,1.900,mm,OK,--,11:18:53 AM,9/21/2024,
554,46.5,gf,1.905,mm,OK,--,11:18:53 AM,9/21/2024,
555,46.5,gf,1.905,mm,OK,--,11:18:54 AM,9/21/2024,
556,46.6,gf,1.910,mm,OK,--,11:18:54 AM,9/21/2024,
557,46.6,gf,1.910,mm,OK,--,11:18:54 AM,9/21/2024,
558,46.6,gf,1.915,mm,OK,--,11:18:54 AM,9/21/2024,
559,46.6,gf,1.915,mm,OK,--,11:18:54 AM,9/21/2024,
560,46.6,gf,1.920,mm,OK,--,11:18:54 AM,9/21/2024,
561,46.6,gf,1.920,mm,OK,--,11:18:54 AM,9/21/2024,
562,46.6,gf,1.920,mm,OK,--,11:18:54 AM,9/21/2024,
563,46.6,gf,1.925,mm,OK,--,11:18:54 AM,9/21/2024,
564,46.6,gf,1.925,mm,OK,--,11:18:54 AM,9/21/2024,
565,46.6,gf,1.930,mm,OK,--,11:18:55 AM,9/21/2024,
566,46.6,gf,1.930,mm,OK,--,11:18:55 AM,9/21/2024,
567,46.6,gf,1.930,mm,OK,--,11:18:55 AM,9/21/2024,
568,46.6,gf,1.935,mm,OK,--,11:18:55 AM,9/21/2024,
569,46.6,gf,1.935,mm,OK,--,11:18:55 AM,9/21/2024,
570,46.6,gf,1.940,mm,OK,--,11:18:55 AM,9/21/2024,
571,46.6,gf,1.940,mm,OK,--,11:18:55 AM,9/21/2024,
572,46.6,gf,1.940,mm,OK,--,11:18:55 AM,9/21/2024,
573,46.4,gf,1.945,mm,OK,--,11:18:55 AM,9/21/2024,
574,46.4,gf,1.945,mm,OK,--,11:18:55 AM,9/21/2024,
575,46.5,gf,1.945,mm,OK,--,11:18:56 AM,9/21/2024,
576,46.6,gf,1.950,mm,OK,--,11:18:56 AM,9/21/2024,
577,46.6,gf,1.950,mm,OK,--,11:18:56 AM,9/21/2024,
578,46.7,gf,1.955,mm,OK,--,11:18:56 AM,9/21/2024,
579,46.5,gf,1.960,mm,OK,--,11:18:56 AM,9/21/2024,
580,46.6,gf,1.965,mm,OK,--,11:18:56 AM,9/21/2024,
581,46.6,gf,1.965,mm,OK,--,11:18:56 AM,9/21/2024,
582,46.5,gf,1.965,mm,OK,--,11:18:56 AM,9/21/2024,
583,46.5,gf,1.970,mm,OK,--,11:18:56 AM,9/21/2024,
584,46.6,gf,1.970,mm,OK,--,11:18:56 AM,9/21/2024,
585,46.7,gf,1.970,mm,OK,--,11:18:57 AM,9/21/2024,
586,46.6,gf,1.975,mm,OK,--,11:18:57 AM,9/21/2024,
587,46.6,gf,1.980,mm,OK,--,11:18:57 AM,9/21/2024,
588,46.6,gf,1.980,mm,OK,--,11:18:57 AM,9/21/2024,
589,46.6,gf,1.985,mm,OK,--,11:18:57 AM,9/21/2024,
590,46.6,gf,1.985,mm,OK,--,11:18:57 AM,9/21/2024,
591,46.6,gf,1.990,mm,OK,--,11:18:57 AM,9/21/2024,
592,46.6,gf,1.990,mm,OK,--,11:18:57 AM,9/21/2024,
593,46.6,gf,1.995,mm,OK,--,11:18:57 AM,9/21/2024,
594,46.6,gf,1.995,mm,OK,--,11:18:57 AM,9/21/2024,
595,46.6,gf,2.000,mm,OK,--,11:18:58 AM,9/21/2024,
596,46.5,gf,2.000,mm,OK,--,11:18:58 AM,9/21/2024,
597,46.5,gf,2.005,mm,OK,--,11:18:58 AM,9/21/2024,
598,46.5,gf,2.005,mm,OK,--,11:18:58 AM,9/21/2024,
599,46.5,gf,2.005,mm,OK,--,11:18:58 AM,9/21/2024,
600,46.5,gf,2.010,mm,OK,--,11:18:58 AM,9/21/2024,
601,46.5,gf,2.010,mm,OK,--,11:18:58 AM,9/21/2024,
602,46.5,gf,2.015,mm,OK,--,11:18:58 AM,9/21/2024,
603,46.5,gf,2.015,mm,OK,--,11:18:58 AM,9/21/2024,
604,46.5,gf,2.020,mm,OK,--,11:18:58 AM,9/21/2024,
605,46.4,gf,2.020,mm,OK,--,11:18:59 AM,9/21/2024,
606,46.4,gf,2.025,mm,OK,--,11:18:59 AM,9/21/2024,
607,46.4,gf,2.030,mm,OK,--,11:18:59 AM,9/21/2024,
608,46.4,gf,2.035,mm,OK,--,11:18:59 AM,9/21/2024,
609,46.5,gf,2.035,mm,OK,--,11:18:59 AM,9/21/2024,
610,46.5,gf,2.040,mm,OK,--,11:18:59 AM,9/21/2024,
611,46.5,gf,2.045,mm,OK,--,11:18:59 AM,9/21/2024,
612,46.5,gf,2.050,mm,OK,--,11:18:59 AM,9/21/2024,
613,46.5,gf,2.055,mm,OK,--,11:18:59 AM,9/21/2024,
614,46.5,gf,2.060,mm,OK,--,11:18:59 AM,9/21/2024,
615,46.6,gf,2.065,mm,OK,--,11:19:00 AM,9/21/2024,
616,46.6,gf,2.070,mm,OK,--,11:19:00 AM,9/21/2024,
617,46.6,gf,2.075,mm,OK,--,11:19:00 AM,9/21/2024,
618,46.6,gf,2.080,mm,OK,--,11:19:00 AM,9/21/2024,
619,46.7,gf,2.085,mm,OK,--,11:19:00 AM,9/21/2024,
620,46.7,gf,2.085,mm,OK,--,11:19:00 AM,9/21/2024,
621,46.8,gf,2.095,mm,OK,--,11:19:00 AM,9/21/2024,
622,46.8,gf,2.100,mm,OK,--,11:19:00 AM,9/21/2024,
623,46.8,gf,2.100,mm,OK,--,11:19:00 AM,9/21/2024,
624,46.8,gf,2.105,mm,OK,--,11:19:00 AM,9/21/2024,
625,46.8,gf,2.110,mm,OK,--,11:19:01 AM,9/21/2024,
626,46.8,gf,2.115,mm,OK,--,11:19:01 AM,9/21/2024,
627,46.8,gf,2.115,mm,OK,--,11:19:01 AM,9/21/2024,
628,46.8,gf,2.120,mm,OK,--,11:19:01 AM,9/21/2024,
629,46.9,gf,2.125,mm,OK,--,11:19:01 AM,9/21/2024,
630,46.9,gf,2.125,mm,OK,--,11:19:01 AM,9/21/2024,
631,46.9,gf,2.130,mm,OK,--,11:19:01 AM,9/21/2024,
632,46.9,gf,2.130,mm,OK,--,11:19:01 AM,9/21/2024,
633,46.9,gf,2.130,mm,OK,--,11:19:01 AM,9/21/2024,
634,46.9,gf,2.130,mm,OK,--,11:19:01 AM,9/21/2024,
635,46.9,gf,2.135,mm,OK,--,11:19:02 AM,9/21/2024,
636,46.9,gf,2.135,mm,OK,--,11:19:02 AM,9/21/2024,
637,46.9,gf,2.140,mm,OK,--,11:19:02 AM,9/21/2024,
638,47.0,gf,2.140,mm,OK,--,11:19:02 AM,9/21/2024,
639,47.0,gf,2.145,mm,OK,--,11:19:02 AM,9/21/2024,
640,47.0,gf,2.145,mm,OK,--,11:19:02 AM,9/21/2024,
641,47.0,gf,2.150,mm,OK,--,11:19:02 AM,9/21/2024,
642,47.0,gf,2.150,mm,OK,--,11:19:02 AM,9/21/2024,
643,47.0,gf,2.150,mm,OK,--,11:19:02 AM,9/21/2024,
644,47.1,gf,2.155,mm,OK,--,11:19:02 AM,9/21/2024,
645,47.1,gf,2.155,mm,OK,--,11:19:03 AM,9/21/2024,
646,47.1,gf,2.160,mm,OK,--,11:19:03 AM,9/21/2024,
647,47.1,gf,2.160,mm,OK,--,11:19:03 AM,9/21/2024,
648,47.1,gf,2.165,mm,OK,--,11:19:03 AM,9/21/2024,
649,47.1,gf,2.170,mm,OK,--,11:19:03 AM,9/21/2024,
650,47.1,gf,2.175,mm,OK,--,11:19:03 AM,9/21/2024,
651,47.1,gf,2.180,mm,OK,--,11:19:03 AM,9/21/2024,
652,47.2,gf,2.185,mm,OK,--,11:19:03 AM,9/21/2024,
653,47.2,gf,2.190,mm,OK,--,11:19:03 AM,9/21/2024,
654,47.2,gf,2.195,mm,OK,--,11:19:03 AM,9/21/2024,
655,47.2,gf,2.200,mm,OK,--,11:19:04 AM,9/21/2024,
656,47.2,gf,2.200,mm,OK,--,11:19:04 AM,9/21/2024,
657,47.2,gf,2.205,mm,OK,--,11:19:04 AM,9/21/2024,
658,47.2,gf,2.205,mm,OK,--,11:19:04 AM,9/21/2024,
659,47.2,gf,2.210,mm,OK,--,11:19:04 AM,9/21/2024,
660,47.2,gf,2.210,mm,OK,--,11:19:04 AM,9/21/2024,
661,47.2,gf,2.215,mm,OK,--,11:19:04 AM,9/21/2024,
662,47.2,gf,2.215,mm,OK,--,11:19:04 AM,9/21/2024,
663,47.2,gf,2.215,mm,OK,--,11:19:04 AM,9/21/2024,
664,47.3,gf,2.220,mm,OK,--,11:19:04 AM,9/21/2024,
665,47.3,gf,2.220,mm,OK,--,11:19:05 AM,9/21/2024,
666,47.3,gf,2.225,mm,OK,--,11:19:05 AM,9/21/2024,
667,47.3,gf,2.225,mm,OK,--,11:19:05 AM,9/21/2024,
668,47.3,gf,2.230,mm,OK,--,11:19:05 AM,9/21/2024,
669,47.4,gf,2.230,mm,OK,--,11:19:05 AM,9/21/2024,
670,47.4,gf,2.235,mm,OK,--,11:19:05 AM,9/21/2024,
671,47.4,gf,2.235,mm,OK,--,11:19:05 AM,9/21/2024,
672,47.4,gf,2.240,mm,OK,--,11:19:05 AM,9/21/2024,
673,47.4,gf,2.240,mm,OK,--,11:19:05 AM,9/21/2024,
674,47.5,gf,2.245,mm,OK,--,11:19:05 AM,9/21/2024,
675,47.5,gf,2.245,mm,OK,--,11:19:06 AM,9/21/2024,
676,47.6,gf,2.250,mm,OK,--,11:19:06 AM,9/21/2024,
677,47.6,gf,2.250,mm,OK,--,11:19:06 AM,9/21/2024,
678,47.7,gf,2.255,mm,OK,--,11:19:06 AM,9/21/2024,
679,47.7,gf,2.260,mm,OK,--,11:19:06 AM,9/21/2024,
680,47.7,gf,2.260,mm,OK,--,11:19:06 AM,9/21/2024,
681,47.8,gf,2.265,mm,OK,--,11:19:06 AM,9/21/2024,
682,47.8,gf,2.270,mm,OK,--,11:19:06 AM,9/21/2024,
683,47.8,gf,2.275,mm,OK,--,11:19:06 AM,9/21/2024,
684,47.9,gf,2.280,mm,OK,--,11:19:06 AM,9/21/2024,
685,47.9,gf,2.285,mm,OK,--,11:19:07 AM,9/21/2024,
686,47.9,gf,2.285,mm,OK,--,11:19:07 AM,9/21/2024,
687,48.0,gf,2.290,mm,OK,--,11:19:07 AM,9/21/2024,
688,48.0,gf,2.295,mm,OK,--,11:19:07 AM,9/21/2024,
689,48.1,gf,2.300,mm,OK,--,11:19:07 AM,9/21/2024,
690,48.1,gf,2.305,mm,OK,--,11:19:07 AM,9/21/2024,
691,48.1,gf,2.310,mm,OK,--,11:19:07 AM,9/21/2024,
692,48.2,gf,2.315,mm,OK,--,11:19:07 AM,9/21/2024,
693,48.3,gf,2.320,mm,OK,--,11:19:07 AM,9/21/2024,
694,48.2,gf,2.325,mm,OK,--,11:19:07 AM,9/21/2024,
695,48.3,gf,2.330,mm,OK,--,11:19:08 AM,9/21/2024,
696,48.3,gf,2.335,mm,OK,--,11:19:08 AM,9/21/2024,
697,48.3,gf,2.345,mm,OK,--,11:19:08 AM,9/21/2024,
698,48.3,gf,2.355,mm,OK,--,11:19:08 AM,9/21/2024,
699,48.4,gf,2.365,mm,OK,--,11:19:08 AM,9/21/2024,
700,48.7,gf,2.375,mm,OK,--,11:19:08 AM,9/21/2024,
701,48.7,gf,2.385,mm,OK,--,11:19:08 AM,9/21/2024,
702,48.6,gf,2.395,mm,OK,--,11:19:08 AM,9/21/2024,
703,48.6,gf,2.405,mm,OK,--,11:19:08 AM,9/21/2024,
704,48.7,gf,2.410,mm,OK,--,11:19:08 AM,9/21/2024,
705,48.9,gf,2.420,mm,OK,--,11:19:09 AM,9/21/2024,
706,49.0,gf,2.435,mm,OK,--,11:19:09 AM,9/21/2024,
707,49.0,gf,2.445,mm,OK,--,11:19:09 AM,9/21/2024,
708,49.1,gf,2.455,mm,OK,--,11:19:09 AM,9/21/2024,
709,49.2,gf,2.465,mm,OK,--,11:19:09 AM,9/21/2024,
710,49.1,gf,2.475,mm,OK,--,11:19:09 AM,9/21/2024,
711,49.2,gf,2.485,mm,OK,--,11:19:09 AM,9/21/2024,
712,49.3,gf,2.490,mm,OK,--,11:19:09 AM,9/21/2024,
713,49.3,gf,2.500,mm,OK,--,11:19:09 AM,9/21/2024,
714,49.3,gf,2.510,mm,OK,--,11:19:09 AM,9/21/2024,
715,49.3,gf,2.515,mm,OK,--,11:19:10 AM,9/21/2024,
716,49.4,gf,2.520,mm,OK,--,11:19:10 AM,9/21/2024,
717,49.4,gf,2.525,mm,OK,--,11:19:10 AM,9/21/2024,
718,49.4,gf,2.530,mm,OK,--,11:19:10 AM,9/21/2024,
719,49.4,gf,2.535,mm,OK,--,11:19:10 AM,9/21/2024,
720,49.4,gf,2.540,mm,OK,--,11:19:10 AM,9/21/2024,
721,49.5,gf,2.545,mm,OK,--,11:19:10 AM,9/21/2024,
722,49.5,gf,2.545,mm,OK,--,11:19:10 AM,9/21/2024,
723,49.6,gf,2.550,mm,OK,--,11:19:10 AM,9/21/2024,
724,49.6,gf,2.555,mm,OK,--,11:19:10 AM,9/21/2024,
725,49.6,gf,2.560,mm,OK,--,11:19:11 AM,9/21/2024,
726,49.6,gf,2.560,mm,OK,--,11:19:11 AM,9/21/2024,
727,49.6,gf,2.565,mm,OK,--,11:19:11 AM,9/21/2024,
728,49.6,gf,2.565,mm,OK,--,11:19:11 AM,9/21/2024,
729,49.6,gf,2.570,mm,OK,--,11:19:11 AM,9/21/2024,
730,49.6,gf,2.575,mm,OK,--,11:19:11 AM,9/21/2024,
731,49.6,gf,2.575,mm,OK,--,11:19:11 AM,9/21/2024,
732,49.6,gf,2.580,mm,OK,--,11:19:11 AM,9/21/2024,
733,49.6,gf,2.585,mm,OK,--,11:19:11 AM,9/21/2024,
734,49.6,gf,2.590,mm,OK,--,11:19:11 AM,9/21/2024,
735,49.6,gf,2.590,mm,OK,--,11:19:12 AM,9/21/2024,
736,49.6,gf,2.595,mm,OK,--,11:19:12 AM,9/21/2024,
737,49.6,gf,2.600,mm,OK,--,11:19:12 AM,9/21/2024,
738,49.7,gf,2.605,mm,OK,--,11:19:12 AM,9/21/2024,
739,49.8,gf,2.610,mm,OK,--,11:19:12 AM,9/21/2024,
740,49.7,gf,2.615,mm,OK,--,11:19:12 AM,9/21/2024,
741,49.7,gf,2.620,mm,OK,--,11:19:12 AM,9/21/2024,
742,49.8,gf,2.620,mm,OK,--,11:19:12 AM,9/21/2024,
743,49.8,gf,2.625,mm,OK,--,11:19:12 AM,9/21/2024,
744,49.9,gf,2.630,mm,OK,--,11:19:12 AM,9/21/2024,
745,49.9,gf,2.635,mm,OK,--,11:19:13 AM,9/21/2024,
746,49.9,gf,2.635,mm,OK,--,11:19:13 AM,9/21/2024,
747,49.9,gf,2.640,mm,OK,--,11:19:13 AM,9/21/2024,
748,49.9,gf,2.640,mm,OK,--,11:19:13 AM,9/21/2024,
749,49.9,gf,2.645,mm,OK,--,11:19:13 AM,9/21/2024,
750,49.9,gf,2.645,mm,OK,--,11:19:13 AM,9/21/2024,
751,50.0,gf,2.650,mm,OK,--,11:19:13 AM,9/21/2024,
752,50.0,gf,2.650,mm,OK,--,11:19:13 AM,9/21/2024,
753,50.0,gf,2.655,mm,OK,--,11:19:13 AM,9/21/2024,
754,50.0,gf,2.660,mm,OK,--,11:19:13 AM,9/21/2024,
755,50.0,gf,2.665,mm,OK,--,11:19:14 AM,9/21/2024,
756,50.0,gf,2.665,mm,OK,--,11:19:14 AM,9/21/2024,
757,50.1,gf,2.670,mm,OK,--,11:19:14 AM,9/21/2024,
758,50.1,gf,2.675,mm,OK,--,11:19:14 AM,9/21/2024,
759,50.1,gf,2.675,mm,OK,--,11:19:14 AM,9/21/2024,
760,50.1,gf,2.680,mm,OK,--,11:19:14 AM,9/21/2024,
761,50.1,gf,2.685,mm,OK,--,11:19:14 AM,9/21/2024,
762,50.2,gf,2.690,mm,OK,--,11:19:14 AM,9/21/2024,
763,50.3,gf,2.695,mm,OK,--,11:19:14 AM,9/21/2024,
764,50.3,gf,2.700,mm,OK,--,11:19:14 AM,9/21/2024,
765,50.3,gf,2.710,mm,OK,--,11:19:15 AM,9/21/2024,
766,50.3,gf,2.710,mm,OK,--,11:19:15 AM,9/21/2024,
767,50.3,gf,2.715,mm,OK,--,11:19:15 AM,9/21/2024,
768,50.3,gf,2.720,mm,OK,--,11:19:15 AM,9/21/2024,
769,50.4,gf,2.725,mm,OK,--,11:19:15 AM,9/21/2024,
770,50.4,gf,2.730,mm,OK,--,11:19:15 AM,9/21/2024,
771,50.4,gf,2.735,mm,OK,--,11:19:15 AM,9/21/2024,
772,50.4,gf,2.735,mm,OK,--,11:19:15 AM,9/21/2024,
773,50.4,gf,2.740,mm,OK,--,11:19:15 AM,9/21/2024,
774,50.5,gf,2.745,mm,OK,--,11:19:15 AM,9/21/2024,
775,50.5,gf,2.745,mm,OK,--,11:19:16 AM,9/21/2024,
776,50.5,gf,2.750,mm,OK,--,11:19:16 AM,9/21/2024,
777,50.5,gf,2.755,mm,OK,--,11:19:16 AM,9/21/2024,
778,50.5,gf,2.755,mm,OK,--,11:19:16 AM,9/21/2024,
779,50.6,gf,2.760,mm,OK,--,11:19:16 AM,9/21/2024,
780,50.6,gf,2.760,mm,OK,--,11:19:16 AM,9/21/2024,
781,50.6,gf,2.765,mm,OK,--,11:19:16 AM,9/21/2024,
782,50.6,gf,2.770,mm,OK,--,11:19:16 AM,9/21/2024,
783,50.6,gf,2.770,mm,OK,--,11:19:16 AM,9/21/2024,
784,50.6,gf,2.775,mm,OK,--,11:19:16 AM,9/21/2024,
785,50.6,gf,2.775,mm,OK,--,11:19:17 AM,9/21/2024,
786,50.6,gf,2.780,mm,OK,--,11:19:17 AM,9/21/2024,
787,50.6,gf,2.780,mm,OK,--,11:19:17 AM,9/21/2024,
788,50.6,gf,2.785,mm,OK,--,11:19:17 AM,9/21/2024,
789,50.6,gf,2.790,mm,OK,--,11:19:17 AM,9/21/2024,
790,50.6,gf,2.790,mm,OK,--,11:19:17 AM,9/21/2024,
791,50.6,gf,2.790,mm,OK,--,11:19:17 AM,9/21/2024,
792,50.7,gf,2.795,mm,OK,--,11:19:17 AM,9/21/2024,
793,50.7,gf,2.795,mm,OK,--,11:19:17 AM,9/21/2024,
794,50.7,gf,2.800,mm,OK,--,11:19:17 AM,9/21/2024,
795,50.8,gf,2.800,mm,OK,--,11:19:18 AM,9/21/2024,
796,50.7,gf,2.805,mm,OK,--,11:19:18 AM,9/21/2024,
797,50.8,gf,2.805,mm,OK,--,11:19:18 AM,9/21/2024,
798,50.8,gf,2.805,mm,OK,--,11:19:18 AM,9/21/2024,
799,50.8,gf,2.810,mm,OK,--,11:19:18 AM,9/21/2024,
800,50.8,gf,2.810,mm,OK,--,11:19:18 AM,9/21/2024,
801,50.8,gf,2.810,mm,OK,--,11:19:18 AM,9/21/2024,
802,50.8,gf,2.810,mm,OK,--,11:19:18 AM,9/21/2024,
803,50.8,gf,2.815,mm,OK,--,11:19:18 AM,9/21/2024,
804,50.8,gf,2.815,mm,OK,--,11:19:18 AM,9/21/2024,
805,50.9,gf,2.820,mm,OK,--,11:19:19 AM,9/21/2024,
806,50.9,gf,2.820,mm,OK,--,11:19:19 AM,9/21/2024,
807,50.9,gf,2.825,mm,OK,--,11:19:19 AM,9/21/2024,
808,50.9,gf,2.825,mm,OK,--,11:19:19 AM,9/21/2024,
809,50.9,gf,2.830,mm,OK,--,11:19:19 AM,9/21/2024,
810,50.9,gf,2.830,mm,OK,--,11:19:19 AM,9/21/2024,
811,50.9,gf,2.835,mm,OK,--,11:19:19 AM,9/21/2024,
812,50.9,gf,2.835,mm,OK,--,11:19:19 AM,9/21/2024,
813,50.9,gf,2.840,mm,OK,--,11:19:19 AM,9/21/2024,
814,50.9,gf,2.840,mm,OK,--,11:19:19 AM,9/21/2024,
815,50.9,gf,2.845,mm,OK,--,11:19:20 AM,9/21/2024,
816,50.9,gf,2.845,mm,OK,--,11:19:20 AM,9/21/2024,
817,50.9,gf,2.845,mm,OK,--,11:19:20 AM,9/21/2024,
818,50.9,gf,2.850,mm,OK,--,11:19:20 AM,9/21/2024,
819,51.0,gf,2.850,mm,OK,--,11:19:20 AM,9/21/2024,
820,51.0,gf,2.855,mm,OK,--,11:19:20 AM,9/21/2024,
821,51.0,gf,2.860,mm,OK,--,11:19:20 AM,9/21/2024,
822,51.0,gf,2.860,mm,OK,--,11:19:20 AM,9/21/2024,
823,51.0,gf,2.865,mm,OK,--,11:19:20 AM,9/21/2024,
824,51.0,gf,2.870,mm,OK,--,11:19:20 AM,9/21/2024,
825,51.1,gf,2.875,mm,OK,--,11:19:21 AM,9/21/2024,
826,51.1,gf,2.880,mm,OK,--,11:19:21 AM,9/21/2024,
827,51.2,gf,2.890,mm,OK,--,11:19:21 AM,9/21/2024,
828,51.2,gf,2.895,mm,OK,--,11:19:21 AM,9/21/2024,
829,51.2,gf,2.895,mm,OK,--,11:19:21 AM,9/21/2024,
830,51.2,gf,2.900,mm,OK,--,11:19:21 AM,9/21/2024,
831,51.2,gf,2.900,mm,OK,--,11:19:21 AM,9/21/2024,
832,51.3,gf,2.905,mm,OK,--,11:19:21 AM,9/21/2024,
833,51.3,gf,2.905,mm,OK,--,11:19:21 AM,9/21/2024,
834,51.3,gf,2.905,mm,OK,--,11:19:21 AM,9/21/2024,
835,51.3,gf,2.910,mm,OK,--,11:19:22 AM,9/21/2024,
836,51.3,gf,2.910,mm,OK,--,11:19:22 AM,9/21/2024,
837,51.4,gf,2.920,mm,OK,--,11:19:22 AM,9/21/2024,
838,51.4,gf,2.920,mm,OK,--,11:19:22 AM,9/21/2024,
839,51.4,gf,2.925,mm,OK,--,11:19:22 AM,9/21/2024,
840,51.4,gf,2.930,mm,OK,--,11:19:22 AM,9/21/2024,
841,51.5,gf,2.935,mm,OK,--,11:19:22 AM,9/21/2024,
842,51.5,gf,2.945,mm,OK,--,11:19:22 AM,9/21/2024,
843,51.6,gf,2.955,mm,OK,--,11:19:22 AM,9/21/2024,
844,51.6,gf,2.965,mm,OK,--,11:19:22 AM,9/21/2024,
845,51.7,gf,2.975,mm,OK,--,11:19:23 AM,9/21/2024,
846,51.7,gf,2.985,mm,OK,--,11:19:23 AM,9/21/2024,
847,51.8,gf,2.990,mm,OK,--,11:19:23 AM,9/21/2024,
848,51.8,gf,2.990,mm,OK,--,11:19:23 AM,9/21/2024,
849,51.9,gf,2.995,mm,OK,--,11:19:23 AM,9/21/2024,
850,51.9,gf,2.995,mm,OK,--,11:19:23 AM,9/21/2024,
851,51.8,gf,3.000,mm,OK,--,11:19:23 AM,9/21/2024,
852,51.8,gf,3.005,mm,OK,--,11:19:23 AM,9/21/2024,
853,51.8,gf,3.005,mm,OK,--,11:19:23 AM,9/21/2024,
854,51.8,gf,3.010,mm,OK,--,11:19:23 AM,9/21/2024,
855,51.8,gf,3.010,mm,OK,--,11:19:24 AM,9/21/2024,
856,51.8,gf,3.015,mm,OK,--,11:19:24 AM,9/21/2024,
857,51.9,gf,3.020,mm,OK,--,11:19:24 AM,9/21/2024,
858,51.9,gf,3.020,mm,OK,--,11:19:24 AM,9/21/2024,
859,51.9,gf,3.025,mm,OK,--,11:19:24 AM,9/21/2024,
860,51.9,gf,3.030,mm,OK,--,11:19:24 AM,9/21/2024,
861,52.0,gf,3.035,mm,OK,--,11:19:24 AM,9/21/2024,
862,52.0,gf,3.035,mm,OK,--,11:19:24 AM,9/21/2024,
863,52.0,gf,3.040,mm,OK,--,11:19:24 AM,9/21/2024,
864,52.1,gf,3.045,mm,OK,--,11:19:24 AM,9/21/2024,
865,52.1,gf,3.050,mm,OK,--,11:19:25 AM,9/21/2024,
866,52.0,gf,3.055,mm,OK,--,11:19:25 AM,9/21/2024,
867,52.0,gf,3.055,mm,OK,--,11:19:25 AM,9/21/2024,
868,52.0,gf,3.060,mm,OK,--,11:19:25 AM,9/21/2024,
869,52.1,gf,3.060,mm,OK,--,11:19:25 AM,9/21/2024,
870,52.1,gf,3.065,mm,OK,--,11:19:25 AM,9/21/2024,
871,52.1,gf,3.065,mm,OK,--,11:19:25 AM,9/21/2024,
872,52.1,gf,3.065,mm,OK,--,11:19:25 AM,9/21/2024,
873,52.1,gf,3.070,mm,OK,--,11:19:25 AM,9/21/2024,
874,52.2,gf,3.070,mm,OK,--,11:19:25 AM,9/21/2024,
875,52.2,gf,3.075,mm,OK,--,11:19:26 AM,9/21/2024,
876,52.2,gf,3.080,mm,OK,--,11:19:26 AM,9/21/2024,
877,52.2,gf,3.080,mm,OK,--,11:19:26 AM,9/21/2024,
878,52.2,gf,3.085,mm,OK,--,11:19:26 AM,9/21/2024,
879,52.3,gf,3.090,mm,OK,--,11:19:26 AM,9/21/2024,
880,52.3,gf,3.090,mm,OK,--,11:19:26 AM,9/21/2024,
881,52.3,gf,3.095,mm,OK,--,11:19:26 AM,9/21/2024,
882,52.3,gf,3.100,mm,OK,--,11:19:26 AM,9/21/2024,
883,52.3,gf,3.105,mm,OK,--,11:19:26 AM,9/21/2024,
884,52.4,gf,3.110,mm,OK,--,11:19:26 AM,9/21/2024,
885,52.4,gf,3.115,mm,OK,--,11:19:27 AM,9/21/2024,
886,52.4,gf,3.125,mm,OK,--,11:19:27 AM,9/21/2024,
887,52.4,gf,3.130,mm,OK,--,11:19:27 AM,9/21/2024,
888,52.5,gf,3.135,mm,OK,--,11:19:27 AM,9/21/2024,
889,52.6,gf,3.145,mm,OK,--,11:19:27 AM,9/21/2024,
890,52.7,gf,3.150,mm,OK,--,11:19:27 AM,9/21/2024,
891,52.6,gf,3.155,mm,OK,--,11:19:27 AM,9/21/2024,
892,52.7,gf,3.165,mm,OK,--,11:19:27 AM,9/21/2024,
893,52.7,gf,3.170,mm,OK,--,11:19:27 AM,9/21/2024,
894,52.7,gf,3.170,mm,OK,--,11:19:27 AM,9/21/2024,
895,52.9,gf,3.180,mm,OK,--,11:19:28 AM,9/21/2024,
896,52.9,gf,3.190,mm,OK,--,11:19:28 AM,9/21/2024,
897,53.0,gf,3.200,mm,OK,--,11:19:28 AM,9/21/2024,
898,52.9,gf,3.205,mm,OK,--,11:19:28 AM,9/21/2024,
899,52.9,gf,3.205,mm,OK,--,11:19:28 AM,9/21/2024,
900,53.0,gf,3.210,mm,OK,--,11:19:28 AM,9/21/2024,
901,53.0,gf,3.215,mm,OK,--,11:19:28 AM,9/21/2024,
902,53.0,gf,3.220,mm,OK,--,11:19:28 AM,9/21/2024,
903,53.0,gf,3.225,mm,OK,--,11:19:28 AM,9/21/2024,
904,53.0,gf,3.230,mm,OK,--,11:19:28 AM,9/21/2024,
905,53.0,gf,3.235,mm,OK,--,11:19:29 AM,9/21/2024,
906,53.0,gf,3.235,mm,OK,--,11:19:29 AM,9/21/2024,
907,53.1,gf,3.240,mm,OK,--,11:19:29 AM,9/21/2024,
908,53.1,gf,3.245,mm,OK,--,11:19:29 AM,9/21/2024,
909,53.1,gf,3.250,mm,OK,--,11:19:29 AM,9/21/2024,
910,53.2,gf,3.250,mm,OK,--,11:19:29 AM,9/21/2024,
911,53.2,gf,3.255,mm,OK,--,11:19:29 AM,9/21/2024,
912,53.2,gf,3.255,mm,OK,--,11:19:29 AM,9/21/2024,
913,53.2,gf,3.260,mm,OK,--,11:19:29 AM,9/21/2024,
914,53.2,gf,3.265,mm,OK,--,11:19:29 AM,9/21/2024,
915,53.3,gf,3.270,mm,OK,--,11:19:30 AM,9/21/2024,
916,53.3,gf,3.275,mm,OK,--,11:19:30 AM,9/21/2024,
917,53.3,gf,3.275,mm,OK,--,11:19:30 AM,9/21/2024,
918,53.4,gf,3.280,mm,OK,--,11:19:30 AM,9/21/2024,
919,53.3,gf,3.285,mm,OK,--,11:19:30 AM,9/21/2024,
920,53.4,gf,3.290,mm,OK,--,11:19:30 AM,9/21/2024,
921,53.4,gf,3.290,mm,OK,--,11:19:30 AM,9/21/2024,
922,53.5,gf,3.295,mm,OK,--,11:19:30 AM,9/21/2024,
923,53.4,gf,3.300,mm,OK,--,11:19:30 AM,9/21/2024,
924,53.5,gf,3.305,mm,OK,--,11:19:30 AM,9/21/2024,
925,53.5,gf,3.310,mm,OK,--,11:19:31 AM,9/21/2024,
926,53.5,gf,3.310,mm,OK,--,11:19:31 AM,9/21/2024,
927,53.5,gf,3.315,mm,OK,--,11:19:31 AM,9/21/2024,
928,53.6,gf,3.315,mm,OK,--,11:19:31 AM,9/21/2024,
929,53.6,gf,3.320,mm,OK,--,11:19:31 AM,9/21/2024,
930,53.6,gf,3.325,mm,OK,--,11:19:31 AM,9/21/2024,
931,53.6,gf,3.330,mm,OK,--,11:19:31 AM,9/21/2024,
932,53.6,gf,3.330,mm,OK,--,11:19:31 AM,9/21/2024,
933,53.7,gf,3.335,mm,OK,--,11:19:31 AM,9/21/2024,
934,53.7,gf,3.340,mm,OK,--,11:19:31 AM,9/21/2024,
935,53.7,gf,3.345,mm,OK,--,11:19:32 AM,9/21/2024,
936,53.7,gf,3.345,mm,OK,--,11:19:32 AM,9/21/2024,
937,53.8,gf,3.350,mm,OK,--,11:19:32 AM,9/21/2024,
938,53.8,gf,3.350,mm,OK,--,11:19:32 AM,9/21/2024,
939,53.8,gf,3.355,mm,OK,--,11:19:32 AM,9/21/2024,
940,53.8,gf,3.355,mm,OK,--,11:19:32 AM,9/21/2024,
941,53.9,gf,3.360,mm,OK,--,11:19:32 AM,9/21/2024,
942,53.9,gf,3.365,mm,OK,--,11:19:32 AM,9/21/2024,
943,54.0,gf,3.370,mm,OK,--,11:19:32 AM,9/21/2024,
944,54.0,gf,3.370,mm,OK,--,11:19:32 AM,9/21/2024,
945,54.0,gf,3.375,mm,OK,--,11:19:33 AM,9/21/2024,
946,54.0,gf,3.380,mm,OK,--,11:19:33 AM,9/21/2024,
947,54.0,gf,3.385,mm,OK,--,11:19:33 AM,9/21/2024,
948,54.1,gf,3.390,mm,OK,--,11:19:33 AM,9/21/2024,
949,54.1,gf,3.395,mm,OK,--,11:19:33 AM,9/21/2024,
950,54.1,gf,3.400,mm,OK,--,11:19:33 AM,9/21/2024,
951,54.2,gf,3.405,mm,OK,--,11:19:33 AM,9/21/2024,
952,54.2,gf,3.405,mm,OK,--,11:19:33 AM,9/21/2024,
953,54.3,gf,3.410,mm,OK,--,11:19:33 AM,9/21/2024,
954,54.3,gf,3.415,mm,OK,--,11:19:33 AM,9/21/2024,
955,54.3,gf,3.420,mm,OK,--,11:19:34 AM,9/21/2024,
956,54.4,gf,3.425,mm,OK,--,11:19:34 AM,9/21/2024,
957,54.4,gf,3.430,mm,OK,--,11:19:34 AM,9/21/2024,
958,54.4,gf,3.430,mm,OK,--,11:19:34 AM,9/21/2024,
959,54.4,gf,3.435,mm,OK,--,11:19:34 AM,9/21/2024,
960,54.5,gf,3.435,mm,OK,--,11:19:34 AM,9/21/2024,
961,54.6,gf,3.445,mm,OK,--,11:19:34 AM,9/21/2024,
962,54.6,gf,3.450,mm,OK,--,11:19:34 AM,9/21/2024,
963,54.7,gf,3.455,mm,OK,--,11:19:34 AM,9/21/2024,
964,54.7,gf,3.460,mm,OK,--,11:19:34 AM,9/21/2024,
965,54.8,gf,3.470,mm,OK,--,11:19:35 AM,9/21/2024,
966,54.8,gf,3.480,mm,OK,--,11:19:35 AM,9/21/2024,
967,54.8,gf,3.485,mm,OK,--,11:19:35 AM,9/21/2024,
968,54.9,gf,3.490,mm,OK,--,11:19:35 AM,9/21/2024,
969,54.9,gf,3.495,mm,OK,--,11:19:35 AM,9/21/2024,
970,54.9,gf,3.500,mm,OK,--,11:19:35 AM,9/21/2024,
971,54.9,gf,3.505,mm,OK,--,11:19:35 AM,9/21/2024,
972,54.9,gf,3.505,mm,OK,--,11:19:35 AM,9/21/2024,
973,55.0,gf,3.515,mm,OK,--,11:19:35 AM,9/21/2024,
974,55.1,gf,3.520,mm,OK,--,11:19:35 AM,9/21/2024,
975,55.1,gf,3.525,mm,OK,--,11:19:36 AM,9/21/2024,
976,55.2,gf,3.530,mm,OK,--,11:19:36 AM,9/21/2024,
977,55.2,gf,3.530,mm,OK,--,11:19:36 AM,9/21/2024,
978,55.2,gf,3.535,mm,OK,--,11:19:36 AM,9/21/2024,
979,55.2,gf,3.535,mm,OK,--,11:19:36 AM,9/21/2024,
980,55.2,gf,3.540,mm,OK,--,11:19:36 AM,9/21/2024,
981,55.2,gf,3.540,mm,OK,--,11:19:36 AM,9/21/2024,
982,55.2,gf,3.545,mm,OK,--,11:19:36 AM,9/21/2024,
983,55.3,gf,3.550,mm,OK,--,11:19:36 AM,9/21/2024,
984,55.4,gf,3.550,mm,OK,--,11:19:36 AM,9/21/2024,
985,55.4,gf,3.555,mm,OK,--,11:19:37 AM,9/21/2024,
986,55.4,gf,3.560,mm,OK,--,11:19:37 AM,9/21/2024,
987,55.5,gf,3.565,mm,OK,--,11:19:37 AM,9/21/2024,
988,55.6,gf,3.570,mm,OK,--,11:19:37 AM,9/21/2024,
989,55.5,gf,3.575,mm,OK,--,11:19:37 AM,9/21/2024,
990,55.7,gf,3.580,mm,OK,--,11:19:37 AM,9/21/2024,
991,55.6,gf,3.585,mm,OK,--,11:19:37 AM,9/21/2024,
992,55.7,gf,3.590,mm,OK,--,11:19:37 AM,9/21/2024,
993,55.7,gf,3.595,mm,OK,--,11:19:37 AM,9/21/2024,
994,55.7,gf,3.600,mm,OK,--,11:19:37 AM,9/21/2024,
995,55.8,gf,3.605,mm,OK,--,11:19:38 AM,9/21/2024,
996,55.8,gf,3.605,mm,OK,--,11:19:38 AM,9/21/2024,
997,55.8,gf,3.610,mm,OK,--,11:19:38 AM,9/21/2024,
998,55.9,gf,3.615,mm,OK,--,11:19:38 AM,9/21/2024,
999,55.9,gf,3.620,mm,OK,--,11:19:38 AM,9/21/2024,
1000,55.9,gf,3.625,mm,OK,--,11:19:38 AM,9/21/2024,
1001,57.7,gf,3.630,mm,OK,--,11:19:38 AM,9/21/2024,
1002,61.7,gf,3.635,mm,OK,--,11:19:38 AM,9/21/2024,
1003,65.9,gf,3.640,mm,OK,--,11:19:38 AM,9/21/2024,
1004,69.5,gf,3.645,mm,OK,--,11:19:38 AM,9/21/2024,
1005,72.7,gf,3.645,mm,OK,--,11:19:39 AM,9/21/2024,
1006,75.7,gf,3.650,mm,OK,--,11:19:39 AM,9/21/2024,
1007,78.4,gf,3.655,mm,OK,--,11:19:39 AM,9/21/2024,
1008,81.4,gf,3.655,mm,OK,--,11:19:39 AM,9/21/2024,
1009,84.2,gf,3.660,mm,OK,--,11:19:39 AM,9/21/2024,
1010,86.9,gf,3.665,mm,OK,--,11:19:39 AM,9/21/2024,
1011,89.6,gf,3.665,mm,OK,--,11:19:39 AM,9/21/2024,
1012,92.0,gf,3.670,mm,OK,--,11:19:39 AM,9/21/2024,
1013,94.0,gf,3.670,mm,OK,--,11:19:39 AM,9/21/2024,
1014,95.9,gf,3.670,mm,OK,--,11:19:39 AM,9/21/2024,
1015,97.9,gf,3.675,mm,OK,--,11:19:40 AM,9/21/2024,
1016,99.6,gf,3.675,mm,OK,--,11:19:40 AM,9/21/2024,
1017,101.3,gf,3.680,mm,OK,--,11:19:40 AM,9/21/2024,
1018,102.8,gf,3.680,mm,OK,--,11:19:40 AM,9/21/2024,
1019,104.3,gf,3.680,mm,OK,--,11:19:40 AM,9/21/2024,
1020,105.9,gf,3.685,mm,OK,--,11:19:40 AM,9/21/2024,
1021,107.4,gf,3.685,mm,OK,--,11:19:40 AM,9/21/2024,
1022,108.9,gf,3.685,mm,OK,--,11:19:40 AM,9/21/2024,
1023,110.2,gf,3.685,mm,OK,--,11:19:40 AM,9/21/2024,
1024,111.3,gf,3.690,mm,OK,--,11:19:40 AM,9/21/2024,
1025,112.6,gf,3.690,mm,OK,--,11:19:41 AM,9/21/2024,
1026,113.9,gf,3.690,mm,OK,--,11:19:41 AM,9/21/2024,
1027,115.5,gf,3.695,mm,OK,--,11:19:41 AM,9/21/2024,
1028,117.0,gf,3.695,mm,OK,--,11:19:41 AM,9/21/2024,
1029,118.7,gf,3.695,mm,OK,--,11:19:41 AM,9/21/2024,
1030,120.3,gf,3.700,mm,OK,--,11:19:41 AM,9/21/2024,
1031,122.1,gf,3.700,mm,OK,--,11:19:41 AM,9/21/2024,
1032,123.8,gf,3.700,mm,OK,--,11:19:41 AM,9/21/2024,
1033,125.5,gf,3.705,mm,OK,--,11:19:41 AM,9/21/2024,
1034,127.4,gf,3.705,mm,OK,--,11:19:41 AM,9/21/2024,
1035,129.9,gf,3.705,mm,OK,--,11:19:42 AM,9/21/2024,
1036,133.1,gf,3.710,mm,OK,--,11:19:42 AM,9/21/2024,
1037,134.4,gf,3.710,mm,OK,--,11:19:42 AM,9/21/2024,
1038,135.5,gf,3.715,mm,OK,--,11:19:42 AM,9/21/2024,
1039,137.2,gf,3.715,mm,OK,--,11:19:42 AM,9/21/2024,
1040,139.6,gf,3.720,mm,OK,--,11:19:42 AM,9/21/2024,
1041,142.1,gf,3.720,mm,OK,--,11:19:42 AM,9/21/2024,
1042,144.7,gf,3.725,mm,OK,--,11:19:42 AM,9/21/2024,
1043,146.9,gf,3.725,mm,OK,--,11:19:42 AM,9/21/2024,
1044,149.4,gf,3.730,mm,OK,--,11:19:42 AM,9/21/2024,
1045,152.2,gf,3.730,mm,OK,--,11:19:43 AM,9/21/2024,
1046,155.1,gf,3.735,mm,OK,--,11:19:43 AM,9/21/2024,
1047,156.5,gf,3.735,mm,OK,--,11:19:43 AM,9/21/2024,
1048,158.8,gf,3.740,mm,OK,--,11:19:43 AM,9/21/2024,
1049,163.0,gf,3.740,mm,OK,--,11:19:43 AM,9/21/2024,
1050,166.9,gf,3.745,mm,OK,--,11:19:43 AM,9/21/2024,
1051,170.2,gf,3.750,mm,OK,--,11:19:43 AM,9/21/2024,
1052,173.7,gf,3.755,mm,OK,--,11:19:43 AM,9/21/2024,
1053,176.6,gf,3.755,mm,OK,--,11:19:43 AM,9/21/2024,
1054,179.8,gf,3.760,mm,OK,--,11:19:43 AM,9/21/2024,
1055,183.6,gf,3.765,mm,OK,--,11:19:44 AM,9/21/2024,
1056,185.7,gf,3.765,mm,OK,--,11:19:44 AM,9/21/2024,
1057,186.2,gf,3.765,mm,OK,--,11:19:44 AM,9/21/2024,
1058,187.7,gf,3.765,mm,OK,--,11:19:44 AM,9/21/2024,
1059,188.7,gf,3.770,mm,OK,--,11:19:44 AM,9/21/2024,
1060,189.6,gf,3.770,mm,OK,--,11:19:44 AM,9/21/2024,
1061,190.8,gf,3.770,mm,OK,--,11:19:44 AM,9/21/2024,
1062,192.4,gf,3.770,mm,OK,--,11:19:44 AM,9/21/2024,
1063,194.1,gf,3.775,mm,OK,--,11:19:44 AM,9/21/2024,
1064,194.5,gf,3.775,mm,OK,--,11:19:44 AM,9/21/2024,
1065,194.4,gf,3.775,mm,OK,--,11:19:45 AM,9/21/2024,
1066,194.2,gf,3.775,mm,OK,--,11:19:45 AM,9/21/2024,
1067,194.1,gf,3.775,mm,OK,--,11:19:45 AM,9/21/2024,
1068,194.1,gf,3.775,mm,OK,--,11:19:45 AM,9/21/2024,
1069,194.1,gf,3.775,mm,OK,--,11:19:45 AM,9/21/2024,
1070,194.0,gf,3.775,mm,OK,--,11:19:45 AM,9/21/2024,
1071,194.0,gf,3.775,mm,OK,--,11:19:45 AM,9/21/2024,
1072,194.0,gf,3.775,mm,OK,--,11:19:45 AM,9/21/2024,
1073,194.0,gf,3.775,mm,OK,--,11:19:45 AM,9/21/2024,
1074,193.9,gf,3.775,mm,OK,--,11:19:45 AM,9/21/2024,
1075,193.9,gf,3.775,mm,OK,--,11:19:46 AM,9/21/2024,
1076,193.9,gf,3.775,mm,OK,--,11:19:46 AM,9/21/2024,
1077,193.7,gf,3.775,mm,OK,--,11:19:46 AM,9/21/2024,
1078,193.5,gf,3.775,mm,OK,--,11:19:46 AM,9/21/2024,
1079,193.5,gf,3.775,mm,OK,--,11:19:46 AM,9/21/2024,
1080,193.3,gf,3.775,mm,OK,--,11:19:46 AM,9/21/2024,
1081,193.1,gf,3.775,mm,OK,--,11:19:46 AM,9/21/2024,
1082,192.9,gf,3.775,mm,OK,--,11:19:46 AM,9/21/2024,
1083,192.8,gf,3.775,mm,OK,--,11:19:46 AM,9/21/2024,
1084,192.5,gf,3.775,mm,OK,--,11:19:46 AM,9/21/2024,
1085,192.2,gf,3.775,mm,OK,--,11:19:47 AM,9/21/2024,
1086,191.4,gf,3.770,mm,OK,--,11:19:47 AM,9/21/2024,
1087,188.8,gf,3.770,mm,OK,--,11:19:47 AM,9/21/2024,
1088,187.8,gf,3.770,mm,OK,--,11:19:47 AM,9/21/2024,
1089,187.1,gf,3.770,mm,OK,--,11:19:47 AM,9/21/2024,
1090,186.7,gf,3.770,mm,OK,--,11:19:47 AM,9/21/2024,
1091,186.4,gf,3.770,mm,OK,--,11:19:47 AM,9/21/2024,
1092,186.1,gf,3.770,mm,OK,--,11:19:47 AM,9/21/2024,
1093,185.4,gf,3.765,mm,OK,--,11:19:47 AM,9/21/2024,
1094,184.4,gf,3.765,mm,OK,--,11:19:47 AM,9/21/2024,
1095,183.4,gf,3.765,mm,OK,--,11:19:48 AM,9/21/2024,
1096,182.4,gf,3.765,mm,OK,--,11:19:48 AM,9/21/2024,
1097,180.3,gf,3.760,mm,OK,--,11:19:48 AM,9/21/2024,
1098,177.7,gf,3.760,mm,OK,--,11:19:48 AM,9/21/2024,
1099,175.1,gf,3.760,mm,OK,--,11:19:48 AM,9/21/2024,
1100,173.4,gf,3.755,mm,OK,--,11:19:48 AM,9/21/2024,
1101,172.6,gf,3.755,mm,OK,--,11:19:48 AM,9/21/2024,
1102,172.2,gf,3.755,mm,OK,--,11:19:48 AM,9/21/2024,
1103,171.8,gf,3.755,mm,OK,--,11:19:48 AM,9/21/2024,
1104,171.3,gf,3.755,mm,OK,--,11:19:48 AM,9/21/2024,
1105,170.8,gf,3.755,mm,OK,--,11:19:49 AM,9/21/2024,
1106,170.4,gf,3.755,mm,OK,--,11:19:49 AM,9/21/2024,
1107,170.0,gf,3.755,mm,OK,--,11:19:49 AM,9/21/2024,
1108,169.5,gf,3.750,mm,OK,--,11:19:49 AM,9/21/2024,
1109,168.9,gf,3.750,mm,OK,--,11:19:49 AM,9/21/2024,
1110,168.2,gf,3.750,mm,OK,--,11:19:49 AM,9/21/2024,
1111,167.2,gf,3.750,mm,OK,--,11:19:49 AM,9/21/2024,
1112,166.4,gf,3.750,mm,OK,--,11:19:49 AM,9/21/2024,
1113,165.6,gf,3.750,mm,OK,--,11:19:49 AM,9/21/2024,
1114,164.8,gf,3.750,mm,OK,--,11:19:49 AM,9/21/2024,
1115,164.1,gf,3.745,mm,OK,--,11:19:50 AM,9/21/2024,
1116,163.8,gf,3.745,mm,OK,--,11:19:50 AM,9/21/2024,
1117,163.2,gf,3.745,mm,OK,--,11:19:50 AM,9/21/2024,
1118,162.2,gf,3.745,mm,OK,--,11:19:50 AM,9/21/2024,
1119,161.2,gf,3.745,mm,OK,--,11:19:50 AM,9/21/2024,
1120,160.3,gf,3.745,mm,OK,--,11:19:50 AM,9/21/2024,
1121,159.5,gf,3.740,mm,OK,--,11:19:50 AM,9/21/2024,
1122,158.6,gf,3.740,mm,OK,--,11:19:50 AM,9/21/2024,
1123,157.8,gf,3.740,mm,OK,--,11:19:50 AM,9/21/2024,
1124,157.1,gf,3.740,mm,OK,--,11:19:50 AM,9/21/2024,
1125,156.3,gf,3.740,mm,OK,--,11:19:51 AM,9/21/2024,
1126,155.8,gf,3.740,mm,OK,--,11:19:51 AM,9/21/2024,
1127,155.5,gf,3.740,mm,OK,--,11:19:51 AM,9/21/2024,
1128,155.0,gf,3.740,mm,OK,--,11:19:51 AM,9/21/2024,
1129,154.6,gf,3.735,mm,OK,--,11:19:51 AM,9/21/2024,
1130,154.3,gf,3.735,mm,OK,--,11:19:51 AM,9/21/2024,
1131,154.0,gf,3.735,mm,OK,--,11:19:51 AM,9/21/2024,
1132,153.6,gf,3.735,mm,OK,--,11:19:51 AM,9/21/2024,
1133,153.4,gf,3.735,mm,OK,--,11:19:51 AM,9/21/2024,
1134,153.2,gf,3.735,mm,OK,--,11:19:51 AM,9/21/2024,
1135,153.0,gf,3.735,mm,OK,--,11:19:52 AM,9/21/2024,
1136,152.7,gf,3.735,mm,OK,--,11:19:52 AM,9/21/2024,
1137,152.3,gf,3.735,mm,OK,--,11:19:52 AM,9/21/2024,
1138,152.0,gf,3.735,mm,OK,--,11:19:52 AM,9/21/2024,
1139,151.8,gf,3.735,mm,OK,--,11:19:52 AM,9/21/2024,
1140,151.4,gf,3.735,mm,OK,--,11:19:52 AM,9/21/2024,
1141,151.2,gf,3.735,mm,OK,--,11:19:52 AM,9/21/2024,
1142,151.0,gf,3.735,mm,OK,--,11:19:52 AM,9/21/2024,
1143,150.7,gf,3.735,mm,OK,--,11:19:52 AM,9/21/2024,
1144,150.2,gf,3.735,mm,OK,--,11:19:52 AM,9/21/2024,
1145,149.9,gf,3.735,mm,OK,--,11:19:53 AM,9/21/2024,
1146,149.5,gf,3.730,mm,OK,--,11:19:53 AM,9/21/2024,
1147,149.2,gf,3.730,mm,OK,--,11:19:53 AM,9/21/2024,
1148,149.1,gf,3.730,mm,OK,--,11:19:53 AM,9/21/2024,
1149,148.9,gf,3.730,mm,OK,--,11:19:53 AM,9/21/2024,
1150,148.6,gf,3.730,mm,OK,--,11:19:53 AM,9/21/2024,
1151,148.2,gf,3.730,mm,OK,--,11:19:53 AM,9/21/2024,
1152,148.0,gf,3.730,mm,OK,--,11:19:53 AM,9/21/2024,
1153,147.8,gf,3.730,mm,OK,--,11:19:53 AM,9/21/2024,
1154,147.6,gf,3.730,mm,OK,--,11:19:53 AM,9/21/2024,
1155,147.6,gf,3.730,mm,OK,--,11:19:54 AM,9/21/2024,
1156,147.6,gf,3.730,mm,OK,--,11:19:54 AM,9/21/2024,
1157,147.4,gf,3.730,mm,OK,--,11:19:54 AM,9/21/2024,
1158,147.1,gf,3.730,mm,OK,--,11:19:54 AM,9/21/2024,
1159,146.9,gf,3.730,mm,OK,--,11:19:54 AM,9/21/2024,
1160,146.6,gf,3.730,mm,OK,--,11:19:54 AM,9/21/2024,
1161,146.1,gf,3.730,mm,OK,--,11:19:54 AM,9/21/2024,
1162,145.7,gf,3.730,mm,OK,--,11:19:54 AM,9/21/2024,
1163,145.2,gf,3.730,mm,OK,--,11:19:54 AM,9/21/2024,
1164,144.4,gf,3.725,mm,OK,--,11:19:54 AM,9/21/2024,
1165,144.1,gf,3.725,mm,OK,--,11:19:55 AM,9/21/2024,
1166,143.9,gf,3.725,mm,OK,--,11:19:55 AM,9/21/2024,
1167,143.6,gf,3.725,mm,OK,--,11:19:55 AM,9/21/2024,
1168,143.3,gf,3.725,mm,OK,--,11:19:55 AM,9/21/2024,
1169,143.2,gf,3.725,mm,OK,--,11:19:55 AM,9/21/2024,
1170,143.0,gf,3.725,mm,OK,--,11:19:55 AM,9/21/2024,
1171,142.9,gf,3.725,mm,OK,--,11:19:55 AM,9/21/2024,
1172,142.6,gf,3.725,mm,OK,--,11:19:55 AM,9/21/2024,
1173,142.1,gf,3.725,mm,OK,--,11:19:55 AM,9/21/2024,
1174,141.8,gf,3.725,mm,OK,--,11:19:55 AM,9/21/2024,
1175,141.5,gf,3.725,mm,OK,--,11:19:56 AM,9/21/2024,
1176,140.9,gf,3.725,mm,OK,--,11:19:56 AM,9/21/2024,
1177,140.3,gf,3.725,mm,OK,--,11:19:56 AM,9/21/2024,
1178,139.7,gf,3.725,mm,OK,--,11:19:56 AM,9/21/2024,
1179,138.8,gf,3.720,mm,OK,--,11:19:56 AM,9/21/2024,
1180,137.1,gf,3.720,mm,OK,--,11:19:56 AM,9/21/2024,
1181,136.2,gf,3.720,mm,OK,--,11:19:56 AM,9/21/2024,
1182,135.7,gf,3.720,mm,OK,--,11:19:56 AM,9/21/2024,
1183,135.6,gf,3.720,mm,OK,--,11:19:56 AM,9/21/2024,
1184,135.4,gf,3.720,mm,OK,--,11:19:56 AM,9/21/2024,
1185,134.9,gf,3.715,mm,OK,--,11:19:57 AM,9/21/2024,
1186,134.2,gf,3.715,mm,OK,--,11:19:57 AM,9/21/2024,
1187,133.2,gf,3.715,mm,OK,--,11:19:57 AM,9/21/2024,
1188,132.8,gf,3.715,mm,OK,--,11:19:57 AM,9/21/2024,
1189,132.4,gf,3.715,mm,OK,--,11:19:57 AM,9/21/2024,
1190,132.2,gf,3.715,mm,OK,--,11:19:57 AM,9/21/2024,
1191,131.9,gf,3.715,mm,OK,--,11:19:57 AM,9/21/2024,
1192,131.7,gf,3.715,mm,OK,--,11:19:57 AM,9/21/2024,
1193,131.6,gf,3.715,mm,OK,--,11:19:57 AM,9/21/2024,
1194,131.3,gf,3.715,mm,OK,--,11:19:57 AM,9/21/2024,
1195,131.0,gf,3.715,mm,OK,--,11:19:58 AM,9/21/2024,
1196,130.6,gf,3.715,mm,OK,--,11:19:58 AM,9/21/2024,
1197,130.3,gf,3.710,mm,OK,--,11:19:58 AM,9/21/2024,
1198,129.8,gf,3.710,mm,OK,--,11:19:58 AM,9/21/2024,
1199,129.5,gf,3.710,mm,OK,--,11:19:58 AM,9/21/2024,
1200,129.1,gf,3.710,mm,OK,--,11:19:58 AM,9/21/2024,
1201,128.7,gf,3.710,mm,OK,--,11:19:58 AM,9/21/2024,
1202,128.4,gf,3.710,mm,OK,--,11:19:58 AM,9/21/2024,
1203,127.9,gf,3.710,mm,OK,--,11:19:58 AM,9/21/2024,
1204,127.3,gf,3.710,mm,OK,--,11:19:58 AM,9/21/2024,
1205,126.6,gf,3.710,mm,OK,--,11:19:59 AM,9/21/2024,
1206,126.0,gf,3.710,mm,OK,--,11:19:59 AM,9/21/2024,
1207,125.4,gf,3.710,mm,OK,--,11:19:59 AM,9/21/2024,
1208,124.6,gf,3.705,mm,OK,--,11:19:59 AM,9/21/2024,
1209,123.7,gf,3.705,mm,OK,--,11:19:59 AM,9/21/2024,
1210,122.8,gf,3.705,mm,OK,--,11:19:59 AM,9/21/2024,
1211,122.0,gf,3.705,mm,OK,--,11:19:59 AM,9/21/2024,
1212,121.2,gf,3.705,mm,OK,--,11:19:59 AM,9/21/2024,
1213,120.3,gf,3.700,mm,OK,--,11:19:59 AM,9/21/2024,
1214,119.1,gf,3.700,mm,OK,--,11:19:59 AM,9/21/2024,
1215,117.9,gf,3.700,mm,OK,--,11:20:00 AM,9/21/2024,
1216,116.8,gf,3.700,mm,OK,--,11:20:00 AM,9/21/2024,
1217,115.8,gf,3.700,mm,OK,--,11:20:00 AM,9/21/2024,
1218,114.6,gf,3.695,mm,OK,--,11:20:00 AM,9/21/2024,
1219,113.5,gf,3.695,mm,OK,--,11:20:00 AM,9/21/2024,
1220,112.4,gf,3.695,mm,OK,--,11:20:00 AM,9/21/2024,
1221,111.4,gf,3.695,mm,OK,--,11:20:00 AM,9/21/2024,
1222,110.4,gf,3.690,mm,OK,--,11:20:00 AM,9/21/2024,
1223,109.8,gf,3.690,mm,OK,--,11:20:00 AM,9/21/2024,
1224,109.2,gf,3.690,mm,OK,--,11:20:00 AM,9/21/2024,
1225,108.6,gf,3.690,mm,OK,--,11:20:01 AM,9/21/2024,
1226,107.9,gf,3.690,mm,OK,--,11:20:01 AM,9/21/2024,
1227,107.4,gf,3.690,mm,OK,--,11:20:01 AM,9/21/2024,
1228,106.8,gf,3.690,mm,OK,--,11:20:01 AM,9/21/2024,
1229,106.2,gf,3.690,mm,OK,--,11:20:01 AM,9/21/2024,
1230,105.8,gf,3.690,mm,OK,--,11:20:01 AM,9/21/2024,
1231,105.5,gf,3.690,mm,OK,--,11:20:01 AM,9/21/2024,
1232,105.1,gf,3.685,mm,OK,--,11:20:01 AM,9/21/2024,
1233,104.5,gf,3.685,mm,OK,--,11:20:01 AM,9/21/2024,
1234,104.0,gf,3.685,mm,OK,--,11:20:01 AM,9/21/2024,
1235,103.5,gf,3.685,mm,OK,--,11:20:02 AM,9/21/2024,
1236,103.1,gf,3.685,mm,OK,--,11:20:02 AM,9/21/2024,
1237,102.6,gf,3.685,mm,OK,--,11:20:02 AM,9/21/2024,
1238,102.1,gf,3.685,mm,OK,--,11:20:02 AM,9/21/2024,
1239,101.7,gf,3.685,mm,OK,--,11:20:02 AM,9/21/2024,
1240,101.1,gf,3.685,mm,OK,--,11:20:02 AM,9/21/2024,
1241,100.7,gf,3.685,mm,OK,--,11:20:02 AM,9/21/2024,
1242,100.3,gf,3.680,mm,OK,--,11:20:02 AM,9/21/2024,
1243,99.8,gf,3.680,mm,OK,--,11:20:02 AM,9/21/2024,
1244,99.3,gf,3.680,mm,OK,--,11:20:02 AM,9/21/2024,
1245,98.7,gf,3.680,mm,OK,--,11:20:03 AM,9/21/2024,
1246,98.2,gf,3.680,mm,OK,--,11:20:03 AM,9/21/2024,
1247,97.7,gf,3.680,mm,OK,--,11:20:03 AM,9/21/2024,
1248,97.2,gf,3.680,mm,OK,--,11:20:03 AM,9/21/2024,
1249,96.6,gf,3.680,mm,OK,--,11:20:03 AM,9/21/2024,
1250,95.8,gf,3.680,mm,OK,--,11:20:03 AM,9/21/2024,
1251,95.1,gf,3.675,mm,OK,--,11:20:03 AM,9/21/2024,
1252,94.6,gf,3.675,mm,OK,--,11:20:03 AM,9/21/2024,
1253,93.9,gf,3.675,mm,OK,--,11:20:03 AM,9/21/2024,
1254,93.3,gf,3.675,mm,OK,--,11:20:03 AM,9/21/2024,
1255,92.9,gf,3.675,mm,OK,--,11:20:04 AM,9/21/2024,
1256,92.3,gf,3.675,mm,OK,--,11:20:04 AM,9/21/2024,
1257,91.8,gf,3.675,mm,OK,--,11:20:04 AM,9/21/2024,
1258,91.3,gf,3.675,mm,OK,--,11:20:04 AM,9/21/2024,
1259,90.8,gf,3.675,mm,OK,--,11:20:04 AM,9/21/2024,
1260,90.3,gf,3.670,mm,OK,--,11:20:04 AM,9/21/2024,
1261,89.8,gf,3.670,mm,OK,--,11:20:04 AM,9/21/2024,
1262,89.2,gf,3.670,mm,OK,--,11:20:04 AM,9/21/2024,
1263,88.6,gf,3.670,mm,OK,--,11:20:04 AM,9/21/2024,
1264,88.2,gf,3.670,mm,OK,--,11:20:04 AM,9/21/2024,
1265,87.8,gf,3.670,mm,OK,--,11:20:05 AM,9/21/2024,
1266,87.4,gf,3.670,mm,OK,--,11:20:05 AM,9/21/2024,
1267,87.0,gf,3.670,mm,OK,--,11:20:05 AM,9/21/2024,
1268,86.4,gf,3.670,mm,OK,--,11:20:05 AM,9/21/2024,
1269,85.9,gf,3.670,mm,OK,--,11:20:05 AM,9/21/2024,
1270,85.6,gf,3.665,mm,OK,--,11:20:05 AM,9/21/2024,
1271,85.1,gf,3.665,mm,OK,--,11:20:05 AM,9/21/2024,
1272,84.7,gf,3.665,mm,OK,--,11:20:05 AM,9/21/2024,
1273,84.3,gf,3.665,mm,OK,--,11:20:05 AM,9/21/2024,
1274,83.9,gf,3.665,mm,OK,--,11:20:05 AM,9/21/2024,
1275,83.5,gf,3.665,mm,OK,--,11:20:06 AM,9/21/2024,
1276,83.1,gf,3.665,mm,OK,--,11:20:06 AM,9/21/2024,
1277,82.5,gf,3.665,mm,OK,--,11:20:06 AM,9/21/2024,
1278,81.9,gf,3.665,mm,OK,--,11:20:06 AM,9/21/2024,
1279,81.4,gf,3.665,mm,OK,--,11:20:06 AM,9/21/2024,
1280,80.8,gf,3.660,mm,OK,--,11:20:06 AM,9/21/2024,
1281,80.2,gf,3.660,mm,OK,--,11:20:06 AM,9/21/2024,
1282,79.7,gf,3.660,mm,OK,--,11:20:06 AM,9/21/2024,
1283,79.1,gf,3.660,mm,OK,--,11:20:06 AM,9/21/2024,
1284,78.4,gf,3.660,mm,OK,--,11:20:06 AM,9/21/2024,
1285,77.6,gf,3.660,mm,OK,--,11:20:07 AM,9/21/2024,
1286,76.7,gf,3.660,mm,OK,--,11:20:07 AM,9/21/2024,
1287,75.1,gf,3.655,mm,OK,--,11:20:07 AM,9/21/2024,
1288,73.6,gf,3.655,mm,OK,--,11:20:07 AM,9/21/2024,
1289,71.7,gf,3.650,mm,OK,--,11:20:07 AM,9/21/2024,
1290,69.5,gf,3.650,mm,OK,--,11:20:07 AM,9/21/2024,
1291,67.7,gf,3.650,mm,OK,--,11:20:07 AM,9/21/2024,
1292,66.2,gf,3.645,mm,OK,--,11:20:07 AM,9/21/2024,
1293,64.7,gf,3.645,mm,OK,--,11:20:07 AM,9/21/2024,
1294,63.2,gf,3.645,mm,OK,--,11:20:07 AM,9/21/2024,
1295,62.0,gf,3.640,mm,OK,--,11:20:08 AM,9/21/2024,
1296,60.9,gf,3.640,mm,OK,--,11:20:08 AM,9/21/2024,
1297,59.8,gf,3.640,mm,OK,--,11:20:08 AM,9/21/2024,
1298,59.1,gf,3.640,mm,OK,--,11:20:08 AM,9/21/2024,
1299,58.6,gf,3.635,mm,OK,--,11:20:08 AM,9/21/2024,
1300,58.1,gf,3.635,mm,OK,--,11:20:08 AM,9/21/2024,
1301,57.0,gf,3.635,mm,OK,--,11:20:08 AM,9/21/2024,
1302,56.1,gf,3.635,mm,OK,--,11:20:08 AM,9/21/2024,
1303,55.2,gf,3.635,mm,OK,--,11:20:08 AM,9/21/2024,
1304,54.7,gf,3.630,mm,OK,--,11:20:08 AM,9/21/2024,
1305,54.7,gf,3.630,mm,OK,--,11:20:09 AM,9/21/2024,
1306,54.7,gf,3.625,mm,OK,--,11:20:09 AM,9/21/2024,
1307,54.6,gf,3.625,mm,OK,--,11:20:09 AM,9/21/2024,
1308,54.6,gf,3.620,mm,OK,--,11:20:09 AM,9/21/2024,
1309,54.6,gf,3.615,mm,OK,--,11:20:09 AM,9/21/2024,
1310,54.5,gf,3.610,mm,OK,--,11:20:09 AM,9/21/2024,
1311,54.5,gf,3.605,mm,OK,--,11:20:09 AM,9/21/2024,
1312,54.5,gf,3.600,mm,OK,--,11:20:09 AM,9/21/2024,
1313,54.4,gf,3.595,mm,OK,--,11:20:09 AM,9/21/2024,
1314,54.4,gf,3.595,mm,OK,--,11:20:09 AM,9/21/2024,
1315,54.3,gf,3.590,mm,OK,--,11:20:10 AM,9/21/2024,
1316,54.3,gf,3.585,mm,OK,--,11:20:10 AM,9/21/2024,
1317,54.3,gf,3.580,mm,OK,--,11:20:10 AM,9/21/2024,
1318,54.2,gf,3.575,mm,OK,--,11:20:10 AM,9/21/2024,
1319,54.1,gf,3.570,mm,OK,--,11:20:10 AM,9/21/2024,
1320,54.1,gf,3.565,mm,OK,--,11:20:10 AM,9/21/2024,
1321,54.1,gf,3.560,mm,OK,--,11:20:10 AM,9/21/2024,
1322,54.1,gf,3.555,mm,OK,--,11:20:10 AM,9/21/2024,
1323,54.0,gf,3.550,mm,OK,--,11:20:10 AM,9/21/2024,
1324,54.0,gf,3.540,mm,OK,--,11:20:10 AM,9/21/2024,
1325,53.9,gf,3.535,mm,OK,--,11:20:11 AM,9/21/2024,
1326,53.9,gf,3.530,mm,OK,--,11:20:11 AM,9/21/2024,
1327,53.8,gf,3.525,mm,OK,--,11:20:11 AM,9/21/2024,
1328,53.8,gf,3.520,mm,OK,--,11:20:11 AM,9/21/2024,
1329,53.8,gf,3.510,mm,OK,--,11:20:11 AM,9/21/2024,
1330,53.6,gf,3.505,mm,OK,--,11:20:11 AM,9/21/2024,
1331,53.5,gf,3.495,mm,OK,--,11:20:11 AM,9/21/2024,
1332,53.4,gf,3.485,mm,OK,--,11:20:11 AM,9/21/2024,
1333,53.4,gf,3.480,mm,OK,--,11:20:11 AM,9/21/2024,
1334,53.3,gf,3.470,mm,OK,--,11:20:11 AM,9/21/2024,
1335,53.2,gf,3.465,mm,OK,--,11:20:12 AM,9/21/2024,
1336,53.2,gf,3.455,mm,OK,--,11:20:12 AM,9/21/2024,
1337,53.1,gf,3.450,mm,OK,--,11:20:12 AM,9/21/2024,
1338,53.0,gf,3.440,mm,OK,--,11:20:12 AM,9/21/2024,
1339,52.9,gf,3.435,mm,OK,--,11:20:12 AM,9/21/2024,
1340,52.7,gf,3.430,mm,OK,--,11:20:12 AM,9/21/2024,
1341,52.6,gf,3.425,mm,OK,--,11:20:12 AM,9/21/2024,
1342,52.6,gf,3.420,mm,OK,--,11:20:12 AM,9/21/2024,
1343,52.5,gf,3.415,mm,OK,--,11:20:12 AM,9/21/2024,
1344,52.5,gf,3.410,mm,OK,--,11:20:12 AM,9/21/2024,
1345,52.4,gf,3.405,mm,OK,--,11:20:13 AM,9/21/2024,
1346,52.4,gf,3.395,mm,OK,--,11:20:13 AM,9/21/2024,
1347,52.2,gf,3.390,mm,OK,--,11:20:13 AM,9/21/2024,
1348,52.2,gf,3.385,mm,OK,--,11:20:13 AM,9/21/2024,
1349,52.3,gf,3.380,mm,OK,--,11:20:13 AM,9/21/2024,
1350,52.2,gf,3.375,mm,OK,--,11:20:13 AM,9/21/2024,
1351,52.2,gf,3.365,mm,OK,--,11:20:13 AM,9/21/2024,
1352,52.2,gf,3.360,mm,OK,--,11:20:13 AM,9/21/2024,
1353,52.1,gf,3.355,mm,OK,--,11:20:13 AM,9/21/2024,
1354,52.1,gf,3.350,mm,OK,--,11:20:13 AM,9/21/2024,
1355,52.1,gf,3.345,mm,OK,--,11:20:14 AM,9/21/2024,
1356,52.0,gf,3.340,mm,OK,--,11:20:14 AM,9/21/2024,
1357,52.0,gf,3.335,mm,OK,--,11:20:14 AM,9/21/2024,
1358,52.0,gf,3.330,mm,OK,--,11:20:14 AM,9/21/2024,
1359,51.9,gf,3.325,mm,OK,--,11:20:14 AM,9/21/2024,
1360,51.9,gf,3.325,mm,OK,--,11:20:14 AM,9/21/2024,
1361,51.9,gf,3.320,mm,OK,--,11:20:14 AM,9/21/2024,
1362,51.9,gf,3.315,mm,OK,--,11:20:14 AM,9/21/2024,
1363,51.9,gf,3.310,mm,OK,--,11:20:14 AM,9/21/2024,
1364,51.8,gf,3.305,mm,OK,--,11:20:14 AM,9/21/2024,
1365,51.8,gf,3.300,mm,OK,--,11:20:15 AM,9/21/2024,
1366,51.8,gf,3.295,mm,OK,--,11:20:15 AM,9/21/2024,
1367,51.8,gf,3.295,mm,OK,--,11:20:15 AM,9/21/2024,
1368,51.7,gf,3.290,mm,OK,--,11:20:15 AM,9/21/2024,
1369,51.7,gf,3.285,mm,OK,--,11:20:15 AM,9/21/2024,
1370,51.7,gf,3.285,mm,OK,--,11:20:15 AM,9/21/2024,
1371,51.7,gf,3.280,mm,OK,--,11:20:15 AM,9/21/2024,
1372,51.7,gf,3.280,mm,OK,--,11:20:15 AM,9/21/2024,
1373,51.6,gf,3.275,mm,OK,--,11:20:15 AM,9/21/2024,
1374,51.6,gf,3.270,mm,OK,--,11:20:15 AM,9/21/2024,
1375,51.6,gf,3.270,mm,OK,--,11:20:16 AM,9/21/2024,
1376,51.6,gf,3.265,mm,OK,--,11:20:16 AM,9/21/2024,
1377,51.6,gf,3.260,mm,OK,--,11:20:16 AM,9/21/2024,
1378,51.6,gf,3.255,mm,OK,--,11:20:16 AM,9/21/2024,
1379,51.5,gf,3.250,mm,OK,--,11:20:16 AM,9/21/2024,
1380,51.5,gf,3.245,mm,OK,--,11:20:16 AM,9/21/2024,
1381,51.5,gf,3.235,mm,OK,--,11:20:16 AM,9/21/2024,
1382,51.4,gf,3.230,mm,OK,--,11:20:16 AM,9/21/2024,
1383,51.3,gf,3.220,mm,OK,--,11:20:16 AM,9/21/2024,
1384,51.3,gf,3.210,mm,OK,--,11:20:16 AM,9/21/2024,
1385,51.2,gf,3.205,mm,OK,--,11:20:17 AM,9/21/2024,
1386,51.2,gf,3.195,mm,OK,--,11:20:17 AM,9/21/2024,
1387,51.1,gf,3.185,mm,OK,--,11:20:17 AM,9/21/2024,
1388,51.1,gf,3.180,mm,OK,--,11:20:17 AM,9/21/2024,
1389,51.1,gf,3.175,mm,OK,--,11:20:17 AM,9/21/2024,
1390,51.0,gf,3.165,mm,OK,--,11:20:17 AM,9/21/2024,
1391,51.0,gf,3.160,mm,OK,--,11:20:17 AM,9/21/2024,
1392,51.0,gf,3.155,mm,OK,--,11:20:17 AM,9/21/2024,
1393,51.0,gf,3.150,mm,OK,--,11:20:17 AM,9/21/2024,
1394,50.9,gf,3.145,mm,OK,--,11:20:17 AM,9/21/2024,
1395,50.9,gf,3.140,mm,OK,--,11:20:18 AM,9/21/2024,
1396,50.9,gf,3.135,mm,OK,--,11:20:18 AM,9/21/2024,
1397,50.8,gf,3.130,mm,OK,--,11:20:18 AM,9/21/2024,
1398,50.8,gf,3.120,mm,OK,--,11:20:18 AM,9/21/2024,
1399,50.8,gf,3.110,mm,OK,--,11:20:18 AM,9/21/2024,
1400,50.8,gf,3.105,mm,OK,--,11:20:18 AM,9/21/2024,
1401,50.8,gf,3.100,mm,OK,--,11:20:18 AM,9/21/2024,
1402,50.7,gf,3.095,mm,OK,--,11:20:18 AM,9/21/2024,
1403,50.7,gf,3.085,mm,OK,--,11:20:18 AM,9/21/2024,
1404,50.7,gf,3.085,mm,OK,--,11:20:18 AM,9/21/2024,
1405,50.7,gf,3.080,mm,OK,--,11:20:19 AM,9/21/2024,
1406,50.6,gf,3.075,mm,OK,--,11:20:19 AM,9/21/2024,
1407,50.6,gf,3.070,mm,OK,--,11:20:19 AM,9/21/2024,
1408,50.6,gf,3.070,mm,OK,--,11:20:19 AM,9/21/2024,
1409,50.6,gf,3.065,mm,OK,--,11:20:19 AM,9/21/2024,
1410,50.6,gf,3.065,mm,OK,--,11:20:19 AM,9/21/2024,
1411,50.6,gf,3.060,mm,OK,--,11:20:19 AM,9/21/2024,
1412,50.5,gf,3.055,mm,OK,--,11:20:19 AM,9/21/2024,
1413,50.5,gf,3.055,mm,OK,--,11:20:19 AM,9/21/2024,
1414,50.5,gf,3.050,mm,OK,--,11:20:19 AM,9/21/2024,
1415,50.5,gf,3.045,mm,OK,--,11:20:20 AM,9/21/2024,
1416,50.5,gf,3.045,mm,OK,--,11:20:20 AM,9/21/2024,
1417,50.5,gf,3.040,mm,OK,--,11:20:20 AM,9/21/2024,
1418,50.5,gf,3.035,mm,OK,--,11:20:20 AM,9/21/2024,
1419,50.4,gf,3.035,mm,OK,--,11:20:20 AM,9/21/2024,
1420,50.4,gf,3.030,mm,OK,--,11:20:20 AM,9/21/2024,
1421,50.4,gf,3.030,mm,OK,--,11:20:20 AM,9/21/2024,
1422,50.4,gf,3.025,mm,OK,--,11:20:20 AM,9/21/2024,
1423,50.4,gf,3.025,mm,OK,--,11:20:20 AM,9/21/2024,
1424,50.3,gf,3.020,mm,OK,--,11:20:20 AM,9/21/2024,
1425,50.3,gf,3.020,mm,OK,--,11:20:21 AM,9/21/2024,
1426,50.3,gf,3.015,mm,OK,--,11:20:21 AM,9/21/2024,
1427,50.3,gf,3.010,mm,OK,--,11:20:21 AM,9/21/2024,
1428,50.2,gf,3.010,mm,OK,--,11:20:21 AM,9/21/2024,
1429,50.2,gf,3.005,mm,OK,--,11:20:21 AM,9/21/2024,
1430,50.2,gf,3.000,mm,OK,--,11:20:21 AM,9/21/2024,
1431,50.2,gf,2.995,mm,OK,--,11:20:21 AM,9/21/2024,
1432,50.1,gf,2.995,mm,OK,--,11:20:21 AM,9/21/2024,
1433,50.1,gf,2.990,mm,OK,--,11:20:21 AM,9/21/2024,
1434,50.1,gf,2.980,mm,OK,--,11:20:21 AM,9/21/2024,
1435,50.1,gf,2.975,mm,OK,--,11:20:22 AM,9/21/2024,
1436,50.1,gf,2.970,mm,OK,--,11:20:22 AM,9/21/2024,
1437,50.0,gf,2.960,mm,OK,--,11:20:22 AM,9/21/2024,
1438,50.0,gf,2.950,mm,OK,--,11:20:22 AM,9/21/2024,
1439,50.0,gf,2.945,mm,OK,--,11:20:22 AM,9/21/2024,
1440,50.0,gf,2.940,mm,OK,--,11:20:22 AM,9/21/2024,
1441,49.9,gf,2.935,mm,OK,--,11:20:22 AM,9/21/2024,
1442,49.9,gf,2.930,mm,OK,--,11:20:22 AM,9/21/2024,
1443,49.9,gf,2.925,mm,OK,--,11:20:22 AM,9/21/2024,
1444,49.8,gf,2.925,mm,OK,--,11:20:22 AM,9/21/2024,
1445,49.8,gf,2.920,mm,OK,--,11:20:23 AM,9/21/2024,
1446,49.8,gf,2.915,mm,OK,--,11:20:23 AM,9/21/2024,
1447,49.7,gf,2.910,mm,OK,--,11:20:23 AM,9/21/2024,
1448,49.7,gf,2.905,mm,OK,--,11:20:23 AM,9/21/2024,
1449,49.7,gf,2.900,mm,OK,--,11:20:23 AM,9/21/2024,
1450,49.7,gf,2.895,mm,OK,--,11:20:23 AM,9/21/2024,
1451,49.7,gf,2.890,mm,OK,--,11:20:23 AM,9/21/2024,
1452,49.7,gf,2.890,mm,OK,--,11:20:23 AM,9/21/2024,
1453,49.7,gf,2.885,mm,OK,--,11:20:23 AM,9/21/2024,
1454,49.7,gf,2.885,mm,OK,--,11:20:23 AM,9/21/2024,
1455,49.6,gf,2.880,mm,OK,--,11:20:24 AM,9/21/2024,
1456,49.6,gf,2.880,mm,OK,--,11:20:24 AM,9/21/2024,
1457,49.6,gf,2.875,mm,OK,--,11:20:24 AM,9/21/2024,
1458,49.6,gf,2.870,mm,OK,--,11:20:24 AM,9/21/2024,
1459,49.5,gf,2.865,mm,OK,--,11:20:24 AM,9/21/2024,
1460,49.5,gf,2.860,mm,OK,--,11:20:24 AM,9/21/2024,
1461,49.5,gf,2.855,mm,OK,--,11:20:24 AM,9/21/2024,
1462,49.5,gf,2.850,mm,OK,--,11:20:24 AM,9/21/2024,
1463,49.5,gf,2.840,mm,OK,--,11:20:24 AM,9/21/2024,
1464,49.4,gf,2.835,mm,OK,--,11:20:24 AM,9/21/2024,
1465,49.4,gf,2.830,mm,OK,--,11:20:25 AM,9/21/2024,
1466,49.3,gf,2.825,mm,OK,--,11:20:25 AM,9/21/2024,
1467,49.3,gf,2.820,mm,OK,--,11:20:25 AM,9/21/2024,
1468,49.3,gf,2.815,mm,OK,--,11:20:25 AM,9/21/2024,
1469,49.3,gf,2.815,mm,OK,--,11:20:25 AM,9/21/2024,
1470,49.2,gf,2.810,mm,OK,--,11:20:25 AM,9/21/2024,
1471,49.2,gf,2.810,mm,OK,--,11:20:25 AM,9/21/2024,
1472,49.2,gf,2.805,mm,OK,--,11:20:25 AM,9/21/2024,
1473,49.2,gf,2.800,mm,OK,--,11:20:25 AM,9/21/2024,
1474,49.2,gf,2.800,mm,OK,--,11:20:25 AM,9/21/2024,
1475,49.2,gf,2.795,mm,OK,--,11:20:26 AM,9/21/2024,
1476,49.2,gf,2.790,mm,OK,--,11:20:26 AM,9/21/2024,
1477,49.1,gf,2.785,mm,OK,--,11:20:26 AM,9/21/2024,
1478,49.1,gf,2.785,mm,OK,--,11:20:26 AM,9/21/2024,
1479,49.1,gf,2.780,mm,OK,--,11:20:26 AM,9/21/2024,
1480,49.1,gf,2.775,mm,OK,--,11:20:26 AM,9/21/2024,
1481,49.0,gf,2.770,mm,OK,--,11:20:26 AM,9/21/2024,
1482,49.0,gf,2.765,mm,OK,--,11:20:26 AM,9/21/2024,
1483,49.0,gf,2.760,mm,OK,--,11:20:26 AM,9/21/2024,
1484,49.0,gf,2.760,mm,OK,--,11:20:26 AM,9/21/2024,
1485,49.0,gf,2.755,mm,OK,--,11:20:27 AM,9/21/2024,
1486,49.0,gf,2.750,mm,OK,--,11:20:27 AM,9/21/2024,
1487,48.9,gf,2.745,mm,OK,--,11:20:27 AM,9/21/2024,
1488,48.8,gf,2.740,mm,OK,--,11:20:27 AM,9/21/2024,
1489,48.8,gf,2.735,mm,OK,--,11:20:27 AM,9/21/2024,
1490,48.8,gf,2.730,mm,OK,--,11:20:27 AM,9/21/2024,
1491,48.8,gf,2.725,mm,OK,--,11:20:27 AM,9/21/2024,
1492,48.7,gf,2.720,mm,OK,--,11:20:27 AM,9/21/2024,
1493,48.7,gf,2.710,mm,OK,--,11:20:27 AM,9/21/2024,
1494,48.6,gf,2.705,mm,OK,--,11:20:27 AM,9/21/2024,
1495,48.6,gf,2.700,mm,OK,--,11:20:28 AM,9/21/2024,
1496,48.6,gf,2.695,mm,OK,--,11:20:28 AM,9/21/2024,
1497,48.6,gf,2.690,mm,OK,--,11:20:28 AM,9/21/2024,
1498,48.5,gf,2.685,mm,OK,--,11:20:28 AM,9/21/2024,
1499,48.5,gf,2.680,mm,OK,--,11:20:28 AM,9/21/2024,
1500,48.5,gf,2.675,mm,OK,--,11:20:28 AM,9/21/2024,
1501,48.5,gf,2.670,mm,OK,--,11:20:28 AM,9/21/2024,
1502,48.5,gf,2.665,mm,OK,--,11:20:28 AM,9/21/2024,
1503,48.5,gf,2.660,mm,OK,--,11:20:28 AM,9/21/2024,
1504,48.5,gf,2.655,mm,OK,--,11:20:28 AM,9/21/2024,
1505,48.4,gf,2.650,mm,OK,--,11:20:29 AM,9/21/2024,
1506,48.4,gf,2.640,mm,OK,--,11:20:29 AM,9/21/2024,
1507,48.3,gf,2.635,mm,OK,--,11:20:29 AM,9/21/2024,
1508,48.3,gf,2.630,mm,OK,--,11:20:29 AM,9/21/2024,
1509,48.2,gf,2.625,mm,OK,--,11:20:29 AM,9/21/2024,
1510,48.2,gf,2.620,mm,OK,--,11:20:29 AM,9/21/2024,
1511,48.2,gf,2.620,mm,OK,--,11:20:29 AM,9/21/2024,
1512,48.2,gf,2.615,mm,OK,--,11:20:29 AM,9/21/2024,
1513,48.2,gf,2.610,mm,OK,--,11:20:29 AM,9/21/2024,
1514,48.2,gf,2.605,mm,OK,--,11:20:29 AM,9/21/2024,
1515,48.2,gf,2.600,mm,OK,--,11:20:30 AM,9/21/2024,
1516,48.1,gf,2.595,mm,OK,--,11:20:30 AM,9/21/2024,
1517,48.1,gf,2.590,mm,OK,--,11:20:30 AM,9/21/2024,
1518,48.1,gf,2.585,mm,OK,--,11:20:30 AM,9/21/2024,
1519,48.0,gf,2.580,mm,OK,--,11:20:30 AM,9/21/2024,
1520,48.0,gf,2.575,mm,OK,--,11:20:30 AM,9/21/2024,
1521,48.0,gf,2.570,mm,OK,--,11:20:30 AM,9/21/2024,
1522,48.0,gf,2.570,mm,OK,--,11:20:30 AM,9/21/2024,
1523,48.0,gf,2.565,mm,OK,--,11:20:30 AM,9/21/2024,
1524,47.9,gf,2.560,mm,OK,--,11:20:30 AM,9/21/2024,
1525,47.9,gf,2.555,mm,OK,--,11:20:31 AM,9/21/2024,
1526,47.9,gf,2.550,mm,OK,--,11:20:31 AM,9/21/2024,
1527,47.9,gf,2.545,mm,OK,--,11:20:31 AM,9/21/2024,
1528,47.9,gf,2.540,mm,OK,--,11:20:31 AM,9/21/2024,
1529,47.9,gf,2.535,mm,OK,--,11:20:31 AM,9/21/2024,
1530,47.9,gf,2.530,mm,OK,--,11:20:31 AM,9/21/2024,
1531,47.8,gf,2.530,mm,OK,--,11:20:31 AM,9/21/2024,
1532,47.8,gf,2.525,mm,OK,--,11:20:31 AM,9/21/2024,
1533,47.8,gf,2.525,mm,OK,--,11:20:31 AM,9/21/2024,
1534,47.8,gf,2.520,mm,OK,--,11:20:31 AM,9/21/2024,
1535,47.8,gf,2.515,mm,OK,--,11:20:32 AM,9/21/2024,
1536,47.7,gf,2.515,mm,OK,--,11:20:32 AM,9/21/2024,
1537,47.7,gf,2.510,mm,OK,--,11:20:32 AM,9/21/2024,
1538,47.7,gf,2.510,mm,OK,--,11:20:32 AM,9/21/2024,
1539,47.7,gf,2.505,mm,OK,--,11:20:32 AM,9/21/2024,
1540,47.7,gf,2.505,mm,OK,--,11:20:32 AM,9/21/2024,
1541,47.7,gf,2.500,mm,OK,--,11:20:32 AM,9/21/2024,
1542,47.6,gf,2.495,mm,OK,--,11:20:32 AM,9/21/2024,
1543,47.6,gf,2.490,mm,OK,--,11:20:32 AM,9/21/2024,
1544,47.6,gf,2.485,mm,OK,--,11:20:32 AM,9/21/2024,
1545,47.6,gf,2.485,mm,OK,--,11:20:33 AM,9/21/2024,
1546,47.6,gf,2.480,mm,OK,--,11:20:33 AM,9/21/2024,
1547,47.6,gf,2.475,mm,OK,--,11:20:33 AM,9/21/2024,
1548,47.5,gf,2.470,mm,OK,--,11:20:33 AM,9/21/2024,
1549,47.5,gf,2.465,mm,OK,--,11:20:33 AM,9/21/2024,
1550,47.4,gf,2.460,mm,OK,--,11:20:33 AM,9/21/2024,
1551,47.4,gf,2.455,mm,OK,--,11:20:33 AM,9/21/2024,
1552,47.4,gf,2.445,mm,OK,--,11:20:33 AM,9/21/2024,
1553,47.3,gf,2.440,mm,OK,--,11:20:33 AM,9/21/2024,
1554,47.3,gf,2.430,mm,OK,--,11:20:33 AM,9/21/2024,
1555,47.2,gf,2.425,mm,OK,--,11:20:34 AM,9/21/2024,
1556,47.2,gf,2.420,mm,OK,--,11:20:34 AM,9/21/2024,
1557,47.2,gf,2.415,mm,OK,--,11:20:34 AM,9/21/2024,
1558,47.2,gf,2.415,mm,OK,--,11:20:34 AM,9/21/2024,
1559,47.2,gf,2.410,mm,OK,--,11:20:34 AM,9/21/2024,
1560,47.2,gf,2.410,mm,OK,--,11:20:34 AM,9/21/2024,
1561,47.2,gf,2.405,mm,OK,--,11:20:34 AM,9/21/2024,
1562,47.1,gf,2.400,mm,OK,--,11:20:34 AM,9/21/2024,
1563,47.1,gf,2.400,mm,OK,--,11:20:34 AM,9/21/2024,
1564,47.2,gf,2.395,mm,OK,--,11:20:34 AM,9/21/2024,
1565,47.2,gf,2.390,mm,OK,--,11:20:35 AM,9/21/2024,
1566,47.1,gf,2.390,mm,OK,--,11:20:35 AM,9/21/2024,
1567,47.0,gf,2.385,mm,OK,--,11:20:35 AM,9/21/2024,
1568,47.0,gf,2.380,mm,OK,--,11:20:35 AM,9/21/2024,
1569,46.9,gf,2.375,mm,OK,--,11:20:35 AM,9/21/2024,
1570,47.0,gf,2.370,mm,OK,--,11:20:35 AM,9/21/2024,
1571,47.0,gf,2.365,mm,OK,--,11:20:35 AM,9/21/2024,
1572,46.9,gf,2.360,mm,OK,--,11:20:35 AM,9/21/2024,
1573,46.9,gf,2.355,mm,OK,--,11:20:35 AM,9/21/2024,
1574,46.9,gf,2.355,mm,OK,--,11:20:35 AM,9/21/2024,
1575,46.9,gf,2.350,mm,OK,--,11:20:36 AM,9/21/2024,
1576,46.8,gf,2.345,mm,OK,--,11:20:36 AM,9/21/2024,
1577,46.8,gf,2.340,mm,OK,--,11:20:36 AM,9/21/2024,
1578,46.8,gf,2.335,mm,OK,--,11:20:36 AM,9/21/2024,
1579,46.8,gf,2.335,mm,OK,--,11:20:36 AM,9/21/2024,
1580,46.8,gf,2.330,mm,OK,--,11:20:36 AM,9/21/2024,
1581,46.8,gf,2.325,mm,OK,--,11:20:36 AM,9/21/2024,
1582,46.7,gf,2.320,mm,OK,--,11:20:36 AM,9/21/2024,
1583,46.7,gf,2.320,mm,OK,--,11:20:36 AM,9/21/2024,
1584,46.7,gf,2.310,mm,OK,--,11:20:36 AM,9/21/2024,
1585,46.6,gf,2.305,mm,OK,--,11:20:37 AM,9/21/2024,
1586,46.5,gf,2.300,mm,OK,--,11:20:37 AM,9/21/2024,
1587,46.5,gf,2.290,mm,OK,--,11:20:37 AM,9/21/2024,
1588,46.4,gf,2.285,mm,OK,--,11:20:37 AM,9/21/2024,
1589,46.3,gf,2.275,mm,OK,--,11:20:37 AM,9/21/2024,
1590,46.3,gf,2.270,mm,OK,--,11:20:37 AM,9/21/2024,
1591,46.2,gf,2.265,mm,OK,--,11:20:37 AM,9/21/2024,
1592,46.2,gf,2.255,mm,OK,--,11:20:37 AM,9/21/2024,
1593,46.2,gf,2.250,mm,OK,--,11:20:37 AM,9/21/2024,
1594,46.2,gf,2.245,mm,OK,--,11:20:37 AM,9/21/2024,
1595,46.1,gf,2.240,mm,OK,--,11:20:38 AM,9/21/2024,
1596,46.0,gf,2.235,mm,OK,--,11:20:38 AM,9/21/2024,
1597,46.0,gf,2.230,mm,OK,--,11:20:38 AM,9/21/2024,
1598,46.0,gf,2.230,mm,OK,--,11:20:38 AM,9/21/2024,
1599,45.9,gf,2.225,mm,OK,--,11:20:38 AM,9/21/2024,
1600,45.9,gf,2.220,mm,OK,--,11:20:38 AM,9/21/2024,
1601,45.9,gf,2.215,mm,OK,--,11:20:38 AM,9/21/2024,
1602,45.8,gf,2.210,mm,OK,--,11:20:38 AM,9/21/2024,
1603,45.8,gf,2.205,mm,OK,--,11:20:38 AM,9/21/2024,
1604,45.8,gf,2.195,mm,OK,--,11:20:38 AM,9/21/2024,
1605,45.7,gf,2.190,mm,OK,--,11:20:39 AM,9/21/2024,
1606,45.7,gf,2.185,mm,OK,--,11:20:39 AM,9/21/2024,
1607,45.6,gf,2.180,mm,OK,--,11:20:39 AM,9/21/2024,
1608,45.6,gf,2.170,mm,OK,--,11:20:39 AM,9/21/2024,
1609,45.6,gf,2.165,mm,OK,--,11:20:39 AM,9/21/2024,
1610,45.6,gf,2.160,mm,OK,--,11:20:39 AM,9/21/2024,
1611,45.6,gf,2.150,mm,OK,--,11:20:39 AM,9/21/2024,
1612,45.5,gf,2.145,mm,OK,--,11:20:39 AM,9/21/2024,
1613,45.5,gf,2.140,mm,OK,--,11:20:39 AM,9/21/2024,
1614,45.5,gf,2.135,mm,OK,--,11:20:39 AM,9/21/2024,
1615,45.5,gf,2.130,mm,OK,--,11:20:40 AM,9/21/2024,
1616,45.4,gf,2.125,mm,OK,--,11:20:40 AM,9/21/2024,
1617,45.5,gf,2.120,mm,OK,--,11:20:40 AM,9/21/2024,
1618,45.4,gf,2.115,mm,OK,--,11:20:40 AM,9/21/2024,
1619,45.4,gf,2.110,mm,OK,--,11:20:40 AM,9/21/2024,
1620,45.3,gf,2.105,mm,OK,--,11:20:40 AM,9/21/2024,
1621,45.3,gf,2.100,mm,OK,--,11:20:40 AM,9/21/2024,
1622,45.2,gf,2.095,mm,OK,--,11:20:40 AM,9/21/2024,
1623,45.1,gf,2.090,mm,OK,--,11:20:40 AM,9/21/2024,
1624,45.1,gf,2.085,mm,OK,--,11:20:40 AM,9/21/2024,
1625,45.0,gf,2.080,mm,OK,--,11:20:41 AM,9/21/2024,
1626,45.0,gf,2.070,mm,OK,--,11:20:41 AM,9/21/2024,
1627,44.9,gf,2.065,mm,OK,--,11:20:41 AM,9/21/2024,
1628,44.8,gf,2.055,mm,OK,--,11:20:41 AM,9/21/2024,
1629,44.7,gf,2.045,mm,OK,--,11:20:41 AM,9/21/2024,
1630,44.4,gf,2.025,mm,OK,--,11:20:41 AM,9/21/2024,
1631,44.3,gf,2.010,mm,OK,--,11:20:41 AM,9/21/2024,
1632,44.0,gf,1.995,mm,OK,--,11:20:41 AM,9/21/2024,
1633,43.8,gf,1.985,mm,OK,--,11:20:41 AM,9/21/2024,
1634,43.5,gf,1.970,mm,OK,--,11:20:41 AM,9/21/2024,
1635,43.2,gf,1.955,mm,OK,--,11:20:42 AM,9/21/2024,
1636,42.8,gf,1.940,mm,OK,--,11:20:42 AM,9/21/2024,
1637,42.6,gf,1.930,mm,OK,--,11:20:42 AM,9/21/2024,
1638,42.1,gf,1.910,mm,OK,--,11:20:42 AM,9/21/2024,
1639,41.8,gf,1.895,mm,OK,--,11:20:42 AM,9/21/2024,
1640,41.7,gf,1.885,mm,OK,--,11:20:42 AM,9/21/2024,
1641,41.5,gf,1.875,mm,OK,--,11:20:42 AM,9/21/2024,
1642,41.7,gf,1.865,mm,OK,--,11:20:42 AM,9/21/2024,
1643,41.6,gf,1.855,mm,OK,--,11:20:42 AM,9/21/2024,
1644,41.6,gf,1.850,mm,OK,--,11:20:42 AM,9/21/2024,
1645,41.6,gf,1.840,mm,OK,--,11:20:43 AM,9/21/2024,
1646,41.6,gf,1.830,mm,OK,--,11:20:43 AM,9/21/2024,
1647,41.5,gf,1.825,mm,OK,--,11:20:43 AM,9/21/2024,
1648,41.4,gf,1.815,mm,OK,--,11:20:43 AM,9/21/2024,
1649,41.4,gf,1.810,mm,OK,--,11:20:43 AM,9/21/2024,
1650,41.4,gf,1.805,mm,OK,--,11:20:43 AM,9/21/2024,
1651,41.4,gf,1.800,mm,OK,--,11:20:43 AM,9/21/2024,
1652,41.5,gf,1.795,mm,OK,--,11:20:43 AM,9/21/2024,
1653,41.3,gf,1.790,mm,OK,--,11:20:43 AM,9/21/2024,
1654,41.4,gf,1.790,mm,OK,--,11:20:43 AM,9/21/2024,
1655,41.4,gf,1.785,mm,OK,--,11:20:44 AM,9/21/2024,
1656,41.3,gf,1.785,mm,OK,--,11:20:44 AM,9/21/2024,
1657,41.1,gf,1.775,mm,OK,--,11:20:44 AM,9/21/2024,
1658,41.1,gf,1.770,mm,OK,--,11:20:44 AM,9/21/2024,
1659,41.0,gf,1.760,mm,OK,--,11:20:44 AM,9/21/2024,
1660,40.8,gf,1.750,mm,OK,--,11:20:44 AM,9/21/2024,
1661,40.5,gf,1.740,mm,OK,--,11:20:44 AM,9/21/2024,
1662,40.3,gf,1.730,mm,OK,--,11:20:44 AM,9/21/2024,
1663,40.4,gf,1.725,mm,OK,--,11:20:44 AM,9/21/2024,
1664,40.3,gf,1.720,mm,OK,--,11:20:44 AM,9/21/2024,
1665,40.3,gf,1.710,mm,OK,--,11:20:45 AM,9/21/2024,
1666,40.3,gf,1.705,mm,OK,--,11:20:45 AM,9/21/2024,
1667,40.2,gf,1.700,mm,OK,--,11:20:45 AM,9/21/2024,
1668,40.2,gf,1.695,mm,OK,--,11:20:45 AM,9/21/2024,
1669,40.2,gf,1.685,mm,OK,--,11:20:45 AM,9/21/2024,
1670,40.1,gf,1.675,mm,OK,--,11:20:45 AM,9/21/2024,
1671,40.1,gf,1.665,mm,OK,--,11:20:45 AM,9/21/2024,
1672,40.0,gf,1.655,mm,OK,--,11:20:45 AM,9/21/2024,
1673,40.1,gf,1.645,mm,OK,--,11:20:45 AM,9/21/2024,
1674,40.0,gf,1.640,mm,OK,--,11:20:45 AM,9/21/2024,
1675,39.9,gf,1.635,mm,OK,--,11:20:46 AM,9/21/2024,
1676,40.0,gf,1.630,mm,OK,--,11:20:46 AM,9/21/2024,
1677,40.0,gf,1.625,mm,OK,--,11:20:46 AM,9/21/2024,
1678,40.0,gf,1.620,mm,OK,--,11:20:46 AM,9/21/2024,
1679,40.0,gf,1.620,mm,OK,--,11:20:46 AM,9/21/2024,
1680,40.0,gf,1.615,mm,OK,--,11:20:46 AM,9/21/2024,
1681,40.0,gf,1.610,mm,OK,--,11:20:46 AM,9/21/2024,
1682,39.8,gf,1.605,mm,OK,--,11:20:46 AM,9/21/2024,
1683,39.8,gf,1.600,mm,OK,--,11:20:46 AM,9/21/2024,
1684,39.8,gf,1.595,mm,OK,--,11:20:46 AM,9/21/2024,
1685,39.6,gf,1.590,mm,OK,--,11:20:47 AM,9/21/2024,
1686,39.5,gf,1.580,mm,OK,--,11:20:47 AM,9/21/2024,
1687,39.4,gf,1.575,mm,OK,--,11:20:47 AM,9/21/2024,
1688,39.2,gf,1.565,mm,OK,--,11:20:47 AM,9/21/2024,
1689,39.2,gf,1.555,mm,OK,--,11:20:47 AM,9/21/2024,
1690,39.2,gf,1.550,mm,OK,--,11:20:47 AM,9/21/2024,
1691,39.1,gf,1.545,mm,OK,--,11:20:47 AM,9/21/2024,
1692,39.0,gf,1.535,mm,OK,--,11:20:47 AM,9/21/2024,
1693,38.9,gf,1.525,mm,OK,--,11:20:47 AM,9/21/2024,
1694,38.9,gf,1.520,mm,OK,--,11:20:47 AM,9/21/2024,
1695,39.0,gf,1.515,mm,OK,--,11:20:48 AM,9/21/2024,
1696,39.0,gf,1.515,mm,OK,--,11:20:48 AM,9/21/2024,
1697,38.9,gf,1.510,mm,OK,--,11:20:48 AM,9/21/2024,
1698,38.7,gf,1.510,mm,OK,--,11:20:48 AM,9/21/2024,
1699,38.7,gf,1.505,mm,OK,--,11:20:48 AM,9/21/2024,
1700,38.7,gf,1.500,mm,OK,--,11:20:48 AM,9/21/2024,
1701,38.7,gf,1.500,mm,OK,--,11:20:48 AM,9/21/2024,
1702,38.7,gf,1.495,mm,OK,--,11:20:48 AM,9/21/2024,
1703,38.8,gf,1.495,mm,OK,--,11:20:48 AM,9/21/2024,
1704,38.9,gf,1.490,mm,OK,--,11:20:48 AM,9/21/2024,
1705,38.7,gf,1.485,mm,OK,--,11:20:49 AM,9/21/2024,
1706,38.7,gf,1.485,mm,OK,--,11:20:49 AM,9/21/2024,
1707,38.8,gf,1.475,mm,OK,--,11:20:49 AM,9/21/2024,
1708,38.6,gf,1.470,mm,OK,--,11:20:49 AM,9/21/2024,
1709,38.6,gf,1.465,mm,OK,--,11:20:49 AM,9/21/2024,
1710,38.6,gf,1.460,mm,OK,--,11:20:49 AM,9/21/2024,
1711,38.7,gf,1.455,mm,OK,--,11:20:49 AM,9/21/2024,
1712,38.6,gf,1.455,mm,OK,--,11:20:49 AM,9/21/2024,
1713,38.5,gf,1.450,mm,OK,--,11:20:49 AM,9/21/2024,
1714,38.6,gf,1.445,mm,OK,--,11:20:49 AM,9/21/2024,
1715,38.7,gf,1.445,mm,OK,--,11:20:50 AM,9/21/2024,
1716,38.6,gf,1.440,mm,OK,--,11:20:50 AM,9/21/2024,
1717,38.5,gf,1.440,mm,OK,--,11:20:50 AM,9/21/2024,
1718,38.5,gf,1.435,mm,OK,--,11:20:50 AM,9/21/2024,
1719,38.6,gf,1.430,mm,OK,--,11:20:50 AM,9/21/2024,
1720,38.6,gf,1.425,mm,OK,--,11:20:50 AM,9/21/2024,
1721,38.5,gf,1.420,mm,OK,--,11:20:50 AM,9/21/2024,
1722,38.7,gf,1.415,mm,OK,--,11:20:50 AM,9/21/2024,
1723,38.6,gf,1.415,mm,OK,--,11:20:50 AM,9/21/2024,
1724,38.5,gf,1.410,mm,OK,--,11:20:50 AM,9/21/2024,
1725,38.2,gf,1.410,mm,OK,--,11:20:51 AM,9/21/2024,
1726,38.1,gf,1.405,mm,OK,--,11:20:51 AM,9/21/2024,
1727,38.2,gf,1.400,mm,OK,--,11:20:51 AM,9/21/2024,
1728,38.2,gf,1.395,mm,OK,--,11:20:51 AM,9/21/2024,
1729,38.4,gf,1.390,mm,OK,--,11:20:51 AM,9/21/2024,
1730,38.2,gf,1.390,mm,OK,--,11:20:51 AM,9/21/2024,
1731,38.0,gf,1.385,mm,OK,--,11:20:51 AM,9/21/2024,
1732,38.0,gf,1.380,mm,OK,--,11:20:51 AM,9/21/2024,
1733,38.0,gf,1.375,mm,OK,--,11:20:51 AM,9/21/2024,
1734,38.0,gf,1.370,mm,OK,--,11:20:51 AM,9/21/2024,
1735,38.0,gf,1.365,mm,OK,--,11:20:52 AM,9/21/2024,
1736,38.1,gf,1.360,mm,OK,--,11:20:52 AM,9/21/2024,
1737,38.1,gf,1.355,mm,OK,--,11:20:52 AM,9/21/2024,
1738,38.2,gf,1.355,mm,OK,--,11:20:52 AM,9/21/2024,
1739,38.0,gf,1.350,mm,OK,--,11:20:52 AM,9/21/2024,
1740,38.1,gf,1.345,mm,OK,--,11:20:52 AM,9/21/2024,
1741,38.0,gf,1.345,mm,OK,--,11:20:52 AM,9/21/2024,
1742,38.1,gf,1.340,mm,OK,--,11:20:52 AM,9/21/2024,
1743,38.0,gf,1.335,mm,OK,--,11:20:52 AM,9/21/2024,
1744,37.9,gf,1.335,mm,OK,--,11:20:52 AM,9/21/2024,
1745,37.9,gf,1.330,mm,OK,--,11:20:53 AM,9/21/2024,
1746,37.9,gf,1.325,mm,OK,--,11:20:53 AM,9/21/2024,
1747,37.7,gf,1.315,mm,OK,--,11:20:53 AM,9/21/2024,
1748,37.6,gf,1.305,mm,OK,--,11:20:53 AM,9/21/2024,
1749,37.5,gf,1.295,mm,OK,--,11:20:53 AM,9/21/2024,
1750,37.5,gf,1.285,mm,OK,--,11:20:53 AM,9/21/2024,
1751,37.3,gf,1.280,mm,OK,--,11:20:53 AM,9/21/2024,
1752,37.3,gf,1.275,mm,OK,--,11:20:53 AM,9/21/2024,
1753,37.3,gf,1.270,mm,OK,--,11:20:53 AM,9/21/2024,
1754,37.3,gf,1.265,mm,OK,--,11:20:53 AM,9/21/2024,
1755,37.3,gf,1.260,mm,OK,--,11:20:54 AM,9/21/2024,
1756,37.4,gf,1.250,mm,OK,--,11:20:54 AM,9/21/2024,
1757,37.5,gf,1.240,mm,OK,--,11:20:54 AM,9/21/2024,
1758,37.5,gf,1.235,mm,OK,--,11:20:54 AM,9/21/2024,
1759,37.6,gf,1.235,mm,OK,--,11:20:54 AM,9/21/2024,
1760,37.6,gf,1.230,mm,OK,--,11:20:54 AM,9/21/2024,
1761,37.6,gf,1.225,mm,OK,--,11:20:54 AM,9/21/2024,
1762,37.6,gf,1.225,mm,OK,--,11:20:54 AM,9/21/2024,
1763,37.5,gf,1.220,mm,OK,--,11:20:54 AM,9/21/2024,
1764,37.5,gf,1.215,mm,OK,--,11:20:54 AM,9/21/2024,
1765,37.3,gf,1.210,mm,OK,--,11:20:55 AM,9/21/2024,
1766,37.3,gf,1.210,mm,OK,--,11:20:55 AM,9/21/2024,
1767,37.4,gf,1.205,mm,OK,--,11:20:55 AM,9/21/2024,
1768,37.3,gf,1.200,mm,OK,--,11:20:55 AM,9/21/2024,
1769,37.2,gf,1.195,mm,OK,--,11:20:55 AM,9/21/2024,
1770,37.1,gf,1.190,mm,OK,--,11:20:55 AM,9/21/2024,
1771,37.1,gf,1.185,mm,OK,--,11:20:55 AM,9/21/2024,
1772,37.1,gf,1.180,mm,OK,--,11:20:55 AM,9/21/2024,
1773,37.1,gf,1.175,mm,OK,--,11:20:55 AM,9/21/2024,
1774,37.0,gf,1.175,mm,OK,--,11:20:55 AM,9/21/2024,
1775,36.7,gf,1.170,mm,OK,--,11:20:56 AM,9/21/2024,
1776,36.9,gf,1.165,mm,OK,--,11:20:56 AM,9/21/2024,
1777,37.4,gf,1.155,mm,OK,--,11:20:56 AM,9/21/2024,
1778,37.4,gf,1.155,mm,OK,--,11:20:56 AM,9/21/2024,
1779,37.1,gf,1.150,mm,OK,--,11:20:56 AM,9/21/2024,
1780,37.1,gf,1.145,mm,OK,--,11:20:56 AM,9/21/2024,
1781,37.1,gf,1.145,mm,OK,--,11:20:56 AM,9/21/2024,
1782,36.8,gf,1.140,mm,OK,--,11:20:56 AM,9/21/2024,
1783,36.8,gf,1.130,mm,OK,--,11:20:56 AM,9/21/2024,
1784,37.0,gf,1.125,mm,OK,--,11:20:56 AM,9/21/2024,
1785,37.0,gf,1.125,mm,OK,--,11:20:57 AM,9/21/2024,
1786,36.9,gf,1.120,mm,OK,--,11:20:57 AM,9/21/2024,
1787,37.0,gf,1.115,mm,OK,--,11:20:57 AM,9/21/2024,
1788,37.0,gf,1.110,mm,OK,--,11:20:57 AM,9/21/2024,
1789,37.1,gf,1.105,mm,OK,--,11:20:57 AM,9/21/2024,
1790,37.0,gf,1.095,mm,OK,--,11:20:57 AM,9/21/2024,
1791,36.9,gf,1.085,mm,OK,--,11:20:57 AM,9/21/2024,
1792,36.8,gf,1.075,mm,OK,--,11:20:57 AM,9/21/2024,
1793,36.8,gf,1.070,mm,OK,--,11:20:57 AM,9/21/2024,
1794,36.7,gf,1.065,mm,OK,--,11:20:57 AM,9/21/2024,
1795,36.7,gf,1.060,mm,OK,--,11:20:58 AM,9/21/2024,
1796,36.7,gf,1.055,mm,OK,--,11:20:58 AM,9/21/2024,
1797,36.7,gf,1.050,mm,OK,--,11:20:58 AM,9/21/2024,
1798,36.6,gf,1.050,mm,OK,--,11:20:58 AM,9/21/2024,
1799,36.5,gf,1.045,mm,OK,--,11:20:58 AM,9/21/2024,
1800,36.4,gf,1.040,mm,OK,--,11:20:58 AM,9/21/2024,
1801,36.4,gf,1.035,mm,OK,--,11:20:58 AM,9/21/2024,
1802,36.5,gf,1.035,mm,OK,--,11:20:58 AM,9/21/2024,
1803,36.4,gf,1.030,mm,OK,--,11:20:58 AM,9/21/2024,
1804,36.3,gf,1.025,mm,OK,--,11:20:58 AM,9/21/2024,
1805,36.2,gf,1.020,mm,OK,--,11:20:59 AM,9/21/2024,
1806,36.1,gf,1.010,mm,OK,--,11:20:59 AM,9/21/2024,
1807,36.1,gf,1.000,mm,OK,--,11:20:59 AM,9/21/2024,
1808,36.1,gf,0.995,mm,OK,--,11:20:59 AM,9/21/2024,
1809,36.1,gf,0.990,mm,OK,--,11:20:59 AM,9/21/2024,
1810,36.1,gf,0.980,mm,OK,--,11:20:59 AM,9/21/2024,
1811,36.2,gf,0.975,mm,OK,--,11:20:59 AM,9/21/2024,
1812,36.0,gf,0.975,mm,OK,--,11:20:59 AM,9/21/2024,
1813,36.1,gf,0.970,mm,OK,--,11:20:59 AM,9/21/2024,
1814,36.0,gf,0.965,mm,OK,--,11:20:59 AM,9/21/2024,
1815,35.9,gf,0.960,mm,OK,--,11:21:00 AM,9/21/2024,
1816,35.8,gf,0.955,mm,OK,--,11:21:00 AM,9/21/2024,
1817,35.4,gf,0.950,mm,OK,--,11:21:00 AM,9/21/2024,
1818,35.4,gf,0.945,mm,OK,--,11:21:00 AM,9/21/2024,
1819,35.2,gf,0.940,mm,OK,--,11:21:00 AM,9/21/2024,
1820,35.2,gf,0.930,mm,OK,--,11:21:00 AM,9/21/2024,
1821,35.2,gf,0.925,mm,OK,--,11:21:00 AM,9/21/2024,
1822,35.1,gf,0.915,mm,OK,--,11:21:00 AM,9/21/2024,
1823,35.1,gf,0.910,mm,OK,--,11:21:00 AM,9/21/2024,
1824,35.1,gf,0.910,mm,OK,--,11:21:00 AM,9/21/2024,
1825,34.9,gf,0.905,mm,OK,--,11:21:01 AM,9/21/2024,
1826,35.1,gf,0.900,mm,OK,--,11:21:01 AM,9/21/2024,
1827,35.2,gf,0.895,mm,OK,--,11:21:01 AM,9/21/2024,
1828,35.3,gf,0.895,mm,OK,--,11:21:01 AM,9/21/2024,
1829,35.1,gf,0.890,mm,OK,--,11:21:01 AM,9/21/2024,
1830,35.2,gf,0.885,mm,OK,--,11:21:01 AM,9/21/2024,
1831,35.1,gf,0.885,mm,OK,--,11:21:01 AM,9/21/2024,
1832,35.1,gf,0.880,mm,OK,--,11:21:01 AM,9/21/2024,
1833,35.2,gf,0.875,mm,OK,--,11:21:01 AM,9/21/2024,
1834,35.2,gf,0.870,mm,OK,--,11:21:01 AM,9/21/2024,
1835,35.2,gf,0.870,mm,OK,--,11:21:02 AM,9/21/2024,
1836,35.1,gf,0.865,mm,OK,--,11:21:02 AM,9/21/2024,
1837,35.0,gf,0.860,mm,OK,--,11:21:02 AM,9/21/2024,
1838,34.9,gf,0.860,mm,OK,--,11:21:02 AM,9/21/2024,
1839,34.8,gf,0.855,mm,OK,--,11:21:02 AM,9/21/2024,
1840,34.8,gf,0.850,mm,OK,--,11:21:02 AM,9/21/2024,
1841,34.8,gf,0.845,mm,OK,--,11:21:02 AM,9/21/2024,
1842,34.8,gf,0.840,mm,OK,--,11:21:02 AM,9/21/2024,
1843,34.8,gf,0.835,mm,OK,--,11:21:02 AM,9/21/2024,
1844,34.8,gf,0.830,mm,OK,--,11:21:02 AM,9/21/2024,
1845,34.8,gf,0.825,mm,OK,--,11:21:03 AM,9/21/2024,
1846,34.8,gf,0.820,mm,OK,--,11:21:03 AM,9/21/2024,
1847,34.8,gf,0.815,mm,OK,--,11:21:03 AM,9/21/2024,
1848,34.7,gf,0.810,mm,OK,--,11:21:03 AM,9/21/2024,
1849,34.9,gf,0.805,mm,OK,--,11:21:03 AM,9/21/2024,
1850,34.8,gf,0.800,mm,OK,--,11:21:03 AM,9/21/2024,
1851,34.8,gf,0.795,mm,OK,--,11:21:03 AM,9/21/2024,
1852,34.9,gf,0.790,mm,OK,--,11:21:03 AM,9/21/2024,
1853,34.9,gf,0.780,mm,OK,--,11:21:03 AM,9/21/2024,
1854,34.8,gf,0.775,mm,OK,--,11:21:03 AM,9/21/2024,
1855,34.7,gf,0.770,mm,OK,--,11:21:04 AM,9/21/2024,
1856,34.6,gf,0.765,mm,OK,--,11:21:04 AM,9/21/2024,
1857,34.5,gf,0.755,mm,OK,--,11:21:04 AM,9/21/2024,
1858,34.5,gf,0.745,mm,OK,--,11:21:04 AM,9/21/2024,
1859,34.7,gf,0.735,mm,OK,--,11:21:04 AM,9/21/2024,
1860,34.5,gf,0.730,mm,OK,--,11:21:04 AM,9/21/2024,
1861,34.6,gf,0.725,mm,OK,--,11:21:04 AM,9/21/2024,
1862,34.8,gf,0.725,mm,OK,--,11:21:04 AM,9/21/2024,
1863,34.7,gf,0.720,mm,OK,--,11:21:04 AM,9/21/2024,
1864,34.8,gf,0.715,mm,OK,--,11:21:04 AM,9/21/2024,
1865,34.7,gf,0.715,mm,OK,--,11:21:05 AM,9/21/2024,
1866,34.5,gf,0.710,mm,OK,--,11:21:05 AM,9/21/2024,
1867,34.5,gf,0.705,mm,OK,--,11:21:05 AM,9/21/2024,
1868,34.4,gf,0.700,mm,OK,--,11:21:05 AM,9/21/2024,
1869,34.4,gf,0.695,mm,OK,--,11:21:05 AM,9/21/2024,
1870,34.3,gf,0.690,mm,OK,--,11:21:05 AM,9/21/2024,
1871,34.3,gf,0.685,mm,OK,--,11:21:05 AM,9/21/2024,
1872,34.3,gf,0.685,mm,OK,--,11:21:05 AM,9/21/2024,
1873,34.3,gf,0.680,mm,OK,--,11:21:05 AM,9/21/2024,
1874,34.3,gf,0.675,mm,OK,--,11:21:05 AM,9/21/2024,
1875,34.1,gf,0.675,mm,OK,--,11:21:06 AM,9/21/2024,
1876,34.1,gf,0.670,mm,OK,--,11:21:06 AM,9/21/2024,
1877,34.0,gf,0.660,mm,OK,--,11:21:06 AM,9/21/2024,
1878,34.0,gf,0.655,mm,OK,--,11:21:06 AM,9/21/2024,
1879,34.1,gf,0.655,mm,OK,--,11:21:06 AM,9/21/2024,
1880,34.0,gf,0.650,mm,OK,--,11:21:06 AM,9/21/2024,
1881,33.6,gf,0.645,mm,OK,--,11:21:06 AM,9/21/2024,
1882,33.8,gf,0.630,mm,OK,--,11:21:06 AM,9/21/2024,
1883,33.8,gf,0.625,mm,OK,--,11:21:06 AM,9/21/2024,
1884,33.4,gf,0.620,mm,OK,--,11:21:06 AM,9/21/2024,
1885,33.4,gf,0.600,mm,OK,--,11:21:07 AM,9/21/2024,
1886,33.8,gf,0.590,mm,OK,--,11:21:07 AM,9/21/2024,
1887,33.9,gf,0.585,mm,OK,--,11:21:07 AM,9/21/2024,
1888,33.9,gf,0.585,mm,OK,--,11:21:07 AM,9/21/2024,
1889,33.8,gf,0.580,mm,OK,--,11:21:07 AM,9/21/2024,
1890,33.9,gf,0.580,mm,OK,--,11:21:07 AM,9/21/2024,
1891,33.9,gf,0.580,mm,OK,--,11:21:07 AM,9/21/2024,
1892,33.8,gf,0.575,mm,OK,--,11:21:07 AM,9/21/2024,
1893,33.8,gf,0.575,mm,OK,--,11:21:07 AM,9/21/2024,
1894,33.6,gf,0.570,mm,OK,--,11:21:07 AM,9/21/2024,
1895,33.7,gf,0.565,mm,OK,--,11:21:08 AM,9/21/2024,
1896,33.7,gf,0.560,mm,OK,--,11:21:08 AM,9/21/2024,
1897,33.7,gf,0.555,mm,OK,--,11:21:08 AM,9/21/2024,
1898,33.5,gf,0.550,mm,OK,--,11:21:08 AM,9/21/2024,
1899,33.4,gf,0.540,mm,OK,--,11:21:08 AM,9/21/2024,
1900,33.4,gf,0.530,mm,OK,--,11:21:08 AM,9/21/2024,
1901,33.5,gf,0.520,mm,OK,--,11:21:08 AM,9/21/2024,
1902,33.5,gf,0.515,mm,OK,--,11:21:08 AM,9/21/2024,
1903,33.4,gf,0.505,mm,OK,--,11:21:08 AM,9/21/2024,
1904,33.3,gf,0.495,mm,OK,--,11:21:08 AM,9/21/2024,
1905,33.5,gf,0.485,mm,OK,--,11:21:09 AM,9/21/2024,
1906,33.5,gf,0.480,mm,OK,--,11:21:09 AM,9/21/2024,
1907,33.4,gf,0.470,mm,OK,--,11:21:09 AM,9/21/2024,
1908,33.2,gf,0.460,mm,OK,--,11:21:09 AM,9/21/2024,
1909,33.3,gf,0.455,mm,OK,--,11:21:09 AM,9/21/2024,
1910,33.3,gf,0.450,mm,OK,--,11:21:09 AM,9/21/2024,
1911,33.2,gf,0.445,mm,OK,--,11:21:09 AM,9/21/2024,
1912,33.2,gf,0.440,mm,OK,--,11:21:09 AM,9/21/2024,
1913,33.2,gf,0.435,mm,OK,--,11:21:09 AM,9/21/2024,
1914,33.3,gf,0.430,mm,OK,--,11:21:09 AM,9/21/2024,
1915,33.2,gf,0.425,mm,OK,--,11:21:10 AM,9/21/2024,
1916,33.3,gf,0.420,mm,OK,--,11:21:10 AM,9/21/2024,
1917,33.2,gf,0.420,mm,OK,--,11:21:10 AM,9/21/2024,
1918,33.2,gf,0.415,mm,OK,--,11:21:10 AM,9/21/2024,
1919,33.1,gf,0.410,mm,OK,--,11:21:10 AM,9/21/2024,
1920,33.2,gf,0.405,mm,OK,--,11:21:10 AM,9/21/2024,
1921,33.1,gf,0.405,mm,OK,--,11:21:10 AM,9/21/2024,
1922,33.0,gf,0.400,mm,OK,--,11:21:10 AM,9/21/2024,
1923,33.0,gf,0.395,mm,OK,--,11:21:10 AM,9/21/2024,
1924,32.9,gf,0.390,mm,OK,--,11:21:10 AM,9/21/2024,
1925,32.9,gf,0.390,mm,OK,--,11:21:11 AM,9/21/2024,
1926,33.0,gf,0.385,mm,OK,--,11:21:11 AM,9/21/2024,
1927,32.9,gf,0.385,mm,OK,--,11:21:11 AM,9/21/2024,
1928,32.9,gf,0.380,mm,OK,--,11:21:11 AM,9/21/2024,
1929,32.9,gf,0.380,mm,OK,--,11:21:11 AM,9/21/2024,
1930,32.7,gf,0.375,mm,OK,--,11:21:11 AM,9/21/2024,
1931,32.6,gf,0.370,mm,OK,--,11:21:11 AM,9/21/2024,
1932,32.5,gf,0.365,mm,OK,--,11:21:11 AM,9/21/2024,
1933,32.5,gf,0.355,mm,OK,--,11:21:11 AM,9/21/2024,
1934,32.5,gf,0.350,mm,OK,--,11:21:11 AM,9/21/2024,
1935,32.5,gf,0.345,mm,OK,--,11:21:12 AM,9/21/2024,
1936,32.5,gf,0.340,mm,OK,--,11:21:12 AM,9/21/2024,
1937,32.3,gf,0.335,mm,OK,--,11:21:12 AM,9/21/2024,
1938,32.1,gf,0.330,mm,OK,--,11:21:12 AM,9/21/2024,
1939,32.2,gf,0.320,mm,OK,--,11:21:12 AM,9/21/2024,
1940,32.2,gf,0.310,mm,OK,--,11:21:12 AM,9/21/2024,
1941,32.2,gf,0.305,mm,OK,--,11:21:12 AM,9/21/2024,
1942,32.2,gf,0.300,mm,OK,--,11:21:12 AM,9/21/2024,
1943,32.3,gf,0.295,mm,OK,--,11:21:12 AM,9/21/2024,
1944,32.1,gf,0.290,mm,OK,--,11:21:12 AM,9/21/2024,
1945,32.1,gf,0.290,mm,OK,--,11:21:13 AM,9/21/2024,
1946,32.1,gf,0.285,mm,OK,--,11:21:13 AM,9/21/2024,
1947,32.2,gf,0.280,mm,OK,--,11:21:13 AM,9/21/2024,
1948,32.2,gf,0.280,mm,OK,--,11:21:13 AM,9/21/2024,
1949,32.1,gf,0.275,mm,OK,--,11:21:13 AM,9/21/2024,
1950,32.1,gf,0.275,mm,OK,--,11:21:13 AM,9/21/2024,
1951,32.3,gf,0.270,mm,OK,--,11:21:13 AM,9/21/2024,
1952,32.4,gf,0.270,mm,OK,--,11:21:13 AM,9/21/2024,
1953,32.4,gf,0.270,mm,OK,--,11:21:13 AM,9/21/2024,
1954,32.4,gf,0.270,mm,OK,--,11:21:13 AM,9/21/2024,
1955,32.4,gf,0.265,mm,OK,--,11:21:14 AM,9/21/2024,
1956,32.4,gf,0.265,mm,OK,--,11:21:14 AM,9/21/2024,
1957,32.4,gf,0.265,mm,OK,--,11:21:14 AM,9/21/2024,
1958,32.2,gf,0.265,mm,OK,--,11:21:14 AM,9/21/2024,
1959,32.2,gf,0.260,mm,OK,--,11:21:14 AM,9/21/2024,
1960,32.3,gf,0.260,mm,OK,--,11:21:14 AM,9/21/2024,
1961,32.1,gf,0.260,mm,OK,--,11:21:14 AM,9/21/2024,
1962,32.2,gf,0.255,mm,OK,--,11:21:14 AM,9/21/2024,
1963,32.1,gf,0.250,mm,OK,--,11:21:14 AM,9/21/2024,
1964,32.1,gf,0.250,mm,OK,--,11:21:14 AM,9/21/2024,
1965,32.1,gf,0.245,mm,OK,--,11:21:15 AM,9/21/2024,
1966,32.1,gf,0.240,mm,OK,--,11:21:15 AM,9/21/2024,
1967,32.1,gf,0.240,mm,OK,--,11:21:15 AM,9/21/2024,
1968,32.0,gf,0.235,mm,OK,--,11:21:15 AM,9/21/2024,
1969,31.9,gf,0.230,mm,OK,--,11:21:15 AM,9/21/2024,
1970,31.8,gf,0.230,mm,OK,--,11:21:15 AM,9/21/2024,
1971,31.7,gf,0.225,mm,OK,--,11:21:15 AM,9/21/2024,
1972,31.5,gf,0.220,mm,OK,--,11:21:15 AM,9/21/2024,
1973,29.3,gf,0.220,mm,OK,--,11:21:15 AM,9/21/2024,
1974,27.3,gf,0.215,mm,OK,--,11:21:15 AM,9/21/2024,
1975,24.6,gf,0.210,mm,OK,--,11:21:16 AM,9/21/2024,
1976,21.8,gf,0.210,mm,OK,--,11:21:16 AM,9/21/2024,
1977,18.9,gf,0.205,mm,OK,--,11:21:16 AM,9/21/2024,
1978,15.8,gf,0.200,mm,OK,--,11:21:16 AM,9/21/2024,
1979,11.7,gf,0.195,mm,OK,--,11:21:16 AM,9/21/2024,
1980,9.4,gf,0.195,mm,OK,--,11:21:16 AM,9/21/2024,
1981,7.7,gf,0.190,mm,OK,--,11:21:16 AM,9/21/2024,
1982,6.0,gf,0.190,mm,OK,--,11:21:16 AM,9/21/2024,
1983,5.4,gf,0.185,mm,OK,--,11:21:16 AM,9/21/2024,
1984,6.9,gf,0.185,mm,OK,--,11:21:16 AM,9/21/2024,
1985,6.8,gf,0.185,mm,OK,--,11:21:17 AM,9/21/2024,
1986,5.0,gf,0.185,mm,OK,--,11:21:17 AM,9/21/2024,
1987,3.3,gf,0.180,mm,OK,--,11:21:17 AM,9/21/2024,
1988,1.4,gf,0.180,mm,OK,--,11:21:17 AM,9/21/2024,
1989,0.0,gf,0.175,mm,OK,--,11:21:17 AM,9/21/2024,
1990,0.1,gf,0.170,mm,OK,--,11:21:17 AM,9/21/2024,
1991,0.1,gf,0.165,mm,OK,--,11:21:17 AM,9/21/2024,
1992,0.0,gf,0.160,mm,OK,--,11:21:17 AM,9/21/2024,
1993,0.0,gf,0.155,mm,OK,--,11:21:17 AM,9/21/2024,
1994,0.0,gf,0.150,mm,OK,--,11:21:17 AM,9/21/2024,
1995,0.0,gf,0.145,mm,OK,--,11:21:18 AM,9/21/2024,
1996,0.0,gf,0.140,mm,OK,--,11:21:18 AM,9/21/2024,
1997,0.0,gf,0.120,mm,OK,--,11:21:18 AM,9/21/2024,
1998,0.0,gf,0.105,mm,OK,--,11:21:18 AM,9/21/2024,
1999,0.0,gf,0.095,mm,OK,--,11:21:18 AM,9/21/2024,
2000,0.0,gf,0.085,mm,OK,--,11:21:18 AM,9/21/2024,
2001,0.0,gf,0.070,mm,OK,--,11:21:18 AM,9/21/2024,
2002,0.0,gf,0.060,mm,OK,--,11:21:18 AM,9/21/2024,
2003,0.0,gf,0.050,mm,OK,--,11:21:18 AM,9/21/2024,
2004,0.0,gf,0.040,mm,OK,--,11:21:18 AM,9/21/2024,
2005,0.0,gf,0.040,mm,OK,--,11:21:19 AM,9/21/2024,
2006,0.0,gf,0.035,mm,OK,--,11:21:19 AM,9/21/2024,
2007,0.0,gf,0.025,mm,OK,--,11:21:19 AM,9/21/2024,
2008,0.1,gf,0.025,mm,OK,--,11:21:19 AM,9/21/2024,
2009,0.1,gf,0.020,mm,OK,--,11:21:19 AM,9/21/2024,
2010,0.0,gf,0.020,mm,OK,--,11:21:19 AM,9/21/2024,
2011,0.0,gf,0.020,mm,OK,--,11:21:19 AM,9/21/2024,
2012,0.0,gf,0.015,mm,OK,--,11:21:19 AM,9/21/2024,
2013,0.0,gf,0.010,mm,OK,--,11:21:19 AM,9/21/2024,
2014,0.0,gf,0.005,mm,OK,--,11:21:19 AM,9/21/2024,
2015,0.0,gf,0.005,mm,OK,--,11:21:20 AM,9/21/2024,
2016,0.0,gf,0.005,mm,OK,--,11:21:20 AM,9/21/2024,
2017,0.0,gf,0.005,mm,OK,--,11:21:20 AM,9/21/2024,
2018,-0.3,gf,0.005,mm,OK,--,11:21:20 AM,9/21/2024,
2019,0.1,gf,0.010,mm,OK,--,11:21:20 AM,9/21/2024,
2020,0.0,gf,0.010,mm,OK,--,11:21:20 AM,9/21/2024,
2021,0.0,gf,0.010,mm,OK,--,11:21:20 AM,9/21/2024,
2022,0.0,gf,0.010,mm,OK,--,11:21:20 AM,9/21/2024,
2023,0.0,gf,0.015,mm,OK,--,11:21:20 AM,9/21/2024,
2024,0.0,gf,0.015,mm,OK,--,11:21:20 AM,9/21/2024,
2025,0.0,gf,0.015,mm,OK,--,11:21:21 AM,9/21/2024,
2026,0.0,gf,0.015,mm,OK,--,11:21:21 AM,9/21/2024,
2027,0.0,gf,0.015,mm,OK,--,11:21:21 AM,9/21/2024,
2028,0.0,gf,0.015,mm,OK,--,11:21:21 AM,9/21/2024,
2029,0.0,gf,0.015,mm,OK,--,11:21:21 AM,9/21/2024,
2030,0.0,gf,0.015,mm,OK,--,11:21:21 AM,9/21/2024,
2031,0.1,gf,0.015,mm,OK,--,11:21:21 AM,9/21/2024,
2032,0.0,gf,0.015,mm,OK,--,11:21:21 AM,9/21/2024,
2033,0.0,gf,0.020,mm,OK,--,11:21:21 AM,9/21/2024,
2034,0.0,gf,0.020,mm,OK,--,11:21:21 AM,9/21/2024,
2035,0.0,gf,0.020,mm,OK,--,11:21:22 AM,9/21/2024,
2036,0.0,gf,0.020,mm,OK,--,11:21:22 AM,9/21/2024,
2037,0.1,gf,0.020,mm,OK,--,11:21:22 AM,9/21/2024,
